% time-domain current integration by openEMS v0.37.0-rc2-21-gd59e7e7 @Mon Sep 21 10:24:01 2026
% start-coordinates: (0.021691,-0.0209246,-0.0004) m -> [104,44,15]
% stop-coordinates: (0.0233,-0.0209246,0) m -> [109,44,16]
% t/s	current
1.4080076395e-14	0
4.54645666794e-11	0
9.09150532824e-11	0
1.36365539885e-10	2.09597591423e-17
1.81816026488e-10	2.63500124498e-11
2.27266513091e-10	-2.32459971411e-11
2.72716999694e-10	2.48728815322e-10
3.18167486297e-10	2.53570053843e-09
3.636179729e-10	1.32600206371e-08
4.09068459503e-10	3.23303019911e-08
4.54518946106e-10	4.32346318746e-08
4.99969432709e-10	2.8979057376e-08
5.45419919312e-10	-9.83601999849e-09
5.90870405915e-10	-5.85041561862e-08
6.36320892518e-10	-9.39745419259e-08
6.81771379122e-10	-9.0375870343e-08
7.27221865725e-10	-3.53428291078e-08
7.72672352328e-10	5.91696398544e-08
8.18122838931e-10	1.54294738763e-07
8.63573325534e-10	1.96351606974e-07
9.09023812137e-10	1.40919837577e-07
9.5447429874e-10	-1.64169726702e-08
9.99924785343e-10	-2.21416328827e-07
1.04537527195e-09	-3.71780970454e-07
1.09082575855e-09	-3.60504799346e-07
1.13627624515e-09	-1.40226802614e-07
1.18172673175e-09	2.33505559777e-07
1.22717721836e-09	5.99949146363e-07
