% time-domain voltage integration by openEMS v0.37.0-rc2-21-gd59e7e7 @Mon Sep 21 10:24:01 2026
% start-coordinates: (-0.0225,-0.0218,0) m -> [19,42,16]
% stop-coordinates: (-0.0225,-0.02,0) m -> [19,47,16]
% t/s	voltage
0	-0
4.5450486603e-11	-2.47821799348e-06
9.0900973206e-11	-2.66824534378e-06
1.36351459809e-10	-1.8292697348e-06
1.81801946412e-10	4.82453060613e-07
2.27252433015e-10	3.43626732047e-06
2.72702919618e-10	5.56830298137e-06
3.18153406221e-10	5.33610722186e-06
3.63603892824e-10	2.03043225611e-06
4.09054379427e-10	-3.65701174587e-06
4.5450486603e-10	-9.28510814902e-06
4.99955352633e-10	-1.15198603226e-05
5.45405839236e-10	-7.84161170486e-06
5.90856325839e-10	1.77827345738e-06
6.36306812442e-10	1.38964499001e-05
6.81757299045e-10	2.2448588652e-05
7.27207785648e-10	2.10690238873e-05
7.72658272251e-10	7.09179983005e-06
8.18108758854e-10	-1.55523187004e-05
8.63559245457e-10	-3.67259217455e-05
9.0900973206e-10	-4.40164003521e-05
9.54460218663e-10	-2.88538858513e-05
9.99910705266e-10	7.33075853532e-06
1.04536119187e-09	5.06840133312e-05
1.09081167847e-09	7.90139229139e-05
1.13626216508e-09	7.17885786798e-05
1.18171265168e-09	2.23809174713e-05
1.22716313828e-09	-5.39936445421e-05
