% time-domain current integration by openEMS v0.37.0-rc2-21-gd59e7e7 @Mon Sep 21 10:24:01 2026
% start-coordinates: (-0.02345,-0.0209246,-0.0004) m -> [16,44,15]
% stop-coordinates: (-0.0217,-0.0209246,0) m -> [21,44,16]
% t/s	current
1.4080076395e-14	0
4.54645666794e-11	-4.27610089559e-08
9.09150532824e-11	-7.10745382548e-08
1.36365539885e-10	-5.94168589885e-08
1.81816026488e-10	-1.01849488843e-08
2.27266513091e-10	6.41785291577e-08
2.72716999694e-10	1.28476855821e-07
3.18167486297e-10	1.40580922903e-07
3.636179729e-10	7.28500921809e-08
4.09068459503e-10	-6.29568503996e-08
4.54518946106e-10	-2.12813333178e-07
4.99969432709e-10	-2.95664591476e-07
5.45419919312e-10	-2.39032914351e-07
5.90870405915e-10	-2.74688947144e-08
6.36320892518e-10	2.70819498382e-07
6.81771379122e-10	5.13544364367e-07
7.27221865725e-10	5.47191007172e-07
7.72672352328e-10	2.83359497644e-07
8.18122838931e-10	-2.29439137911e-07
8.63573325534e-10	-7.82560675816e-07
9.09023812137e-10	-1.0729065707e-06
9.5447429874e-10	-8.51386459999e-07
9.99924785343e-10	-8.21138996798e-08
1.04537527195e-09	9.7200916116e-07
1.09082575855e-09	1.80604615707e-06
1.13627624515e-09	1.88661203993e-06
1.18172673175e-09	9.43500651829e-07
1.22717721836e-09	-8.00100337983e-07
