% time-domain voltage integration by openEMS v0.37.0-rc2-21-gd59e7e7 @Mon Sep 21 10:24:01 2026
% start-coordinates: (0.0225,-0.0218,0) m -> [107,42,16]
% stop-coordinates: (0.0225,-0.02,0) m -> [107,47,16]
% t/s	voltage
0	-0
4.5450486603e-11	-0
9.0900973206e-11	-0
1.36351459809e-10	-3.70740848386e-16
1.81801946412e-10	-1.10942233178e-09
2.27252433015e-10	9.40916115855e-10
2.72702919618e-10	-1.05443228593e-08
3.18153406221e-10	-1.13686741798e-07
3.63603892824e-10	-6.16621704808e-07
4.09054379427e-10	-1.55941000912e-06
4.5450486603e-10	-2.16254278484e-06
4.99955352633e-10	-1.52361965888e-06
5.45405839236e-10	3.62698315826e-07
5.90856325839e-10	2.79943785131e-06
6.36306812442e-10	4.64397817268e-06
6.81757299045e-10	4.59471419845e-06
7.27207785648e-10	1.98018778974e-06
7.72658272251e-10	-2.67647382657e-06
8.18108758854e-10	-7.50025890284e-06
8.63559245457e-10	-9.82001256489e-06
9.0900973206e-10	-7.34436548555e-06
9.54460218663e-10	2.91373360994e-07
9.99910705266e-10	1.05330376527e-05
1.04536119187e-09	1.83526362889e-05
1.09081167847e-09	1.83319318694e-05
1.13626216508e-09	7.86460714153e-06
1.18171265168e-09	-1.05765267335e-05
1.22716313828e-09	-2.91959104288e-05
