% time-domain voltage integration by openEMS v0.37.0-rc2-21-gd59e7e7 @Sat Sep 19 15:13:45 2026
% start-coordinates: (-0.0263653,-0.0183298,3.5e-05) m -> [5,18,23]
% stop-coordinates: (-0.0263653,-0.0183298,-0.0016) m -> [5,18,21]
% t/s	voltage
0	0
4.15602302814e-11	1.56372640531e-11
8.31204605628e-11	2.3477150779e-11
1.24680690844e-10	-5.10038747348e-11
1.66240921126e-10	-1.31929689395e-10
2.07801151407e-10	-1.94927615715e-10
2.49361381688e-10	-1.82157261497e-10
2.9092161197e-10	-1.86550098286e-11
3.32481842251e-10	2.52714654758e-10
3.74042072533e-10	5.91593884991e-10
4.15602302814e-10	7.65170760086e-10
4.57162533095e-10	6.50769993449e-10
4.98722763377e-10	3.86468738955e-11
5.40282993658e-10	-9.5819230328e-10
5.8184322394e-10	-1.9555868036e-09
6.23403454221e-10	-2.42437891984e-09
6.64963684502e-10	-1.79622350327e-09
7.06523914784e-10	1.98996166767e-10
7.48084145065e-10	3.15200998635e-09
7.89644375347e-10	5.86189852214e-09
8.31204605628e-10	6.81796219482e-09
8.72764835909e-10	4.53322712701e-09
9.14325066191e-10	-1.27305388453e-09
9.55885296472e-10	-9.06851571614e-09
9.97445526754e-10	-1.55827368786e-08
1.03900575704e-09	-1.69116454174e-08
1.08056598732e-09	-1.00981480955e-08
1.1221262176e-09	4.73415351365e-09
1.16368644788e-09	2.30750529795e-08
1.20524667816e-09	3.68452326427e-08
1.24680690844e-09	3.73761537276e-08
1.28836713872e-09	1.96419698284e-08
1.329927369e-09	-1.39094824547e-08
1.37148759929e-09	-5.19496303752e-08
1.41304782957e-09	-7.71282415712e-08
1.45460805985e-09	-7.30995850518e-08
1.49616829013e-09	-3.30740270726e-08
1.53772852041e-09	3.4066513166e-08
1.57928875069e-09	1.03684691055e-07
1.62084898097e-09	1.43269488717e-07
1.66240921126e-09	1.26515203647e-07
1.70396944154e-09	4.76108752423e-08
1.74552967182e-09	-7.1036716065e-08
1.7870899021e-09	-1.83237020224e-07
1.82865013238e-09	-2.35988025565e-07
1.87021036266e-09	-1.93437543317e-07
1.91177059294e-09	-5.70851597104e-08
1.95333082323e-09	1.27997935806e-07
1.99489105351e-09	2.86826036699e-07
2.03645128379e-09	3.44499909488e-07
2.07801151407e-09	2.60851550138e-07
2.11957174435e-09	5.39579545489e-08
2.16113197463e-09	-2.00730823963e-07
2.20269220491e-09	-3.97522001094e-07
2.2442524352e-09	-4.45225538215e-07
2.28581266548e-09	-3.09495788997e-07
2.32737289576e-09	-3.3463898319e-08
2.36893312604e-09	2.75212869383e-07
2.41049335632e-09	4.87567376695e-07
2.4520535866e-09	5.08872403771e-07
2.49361381688e-09	3.22068530068e-07
2.53517404717e-09	-1.60948310235e-09
2.57673427745e-09	-3.30498352241e-07
2.61829450773e-09	-5.28557450252e-07
2.65985473801e-09	-5.1355124242e-07
2.70141496829e-09	-2.92811961344e-07
2.74297519857e-09	4.03347897304e-08
2.78453542885e-09	3.47559023339e-07
2.82609565914e-09	5.05384946337e-07
2.86765588942e-09	4.56640862012e-07
2.9092161197e-09	2.31750291846e-07
2.95077634998e-09	-6.83302161519e-08
2.99233658026e-09	-3.187959976e-07
3.03389681054e-09	-4.24452849757e-07
3.07545704082e-09	-3.56732613227e-07
3.11701727111e-09	-1.59755344953e-07
3.15857750139e-09	7.52258344505e-08
3.20013773167e-09	2.52217290608e-07
3.24169796195e-09	3.10257519232e-07
3.28325819223e-09	2.43953735435e-07
3.32481842251e-09	9.75821166094e-08
3.36637865279e-09	-5.9979015532e-08
3.40793888307e-09	-1.67231917203e-07
3.44949911336e-09	-1.93402556192e-07
3.49105934364e-09	-1.45311162214e-07
3.53261957392e-09	-5.68250584365e-08
3.5741798042e-09	3.0276929408e-08
3.61574003448e-09	8.50763228755e-08
3.65730026476e-09	9.70755138496e-08
3.69886049504e-09	7.50000026528e-08
3.74042072533e-09	3.75625717197e-08
3.78198095561e-09	2.61064547757e-09
3.82354118589e-09	-2.03283221367e-08
3.86510141617e-09	-3.0749866653e-08
3.90666164645e-09	-3.33081651149e-08
3.94822187673e-09	-3.25987556948e-08
3.98978210701e-09	-2.9575808469e-08
4.0313423373e-09	-2.20537685891e-08
4.07290256758e-09	-7.61801288718e-09
4.11446279786e-09	1.28227721774e-08
4.15602302814e-09	3.37877956724e-08
4.19758325842e-09	4.68549288257e-08
4.2391434887e-09	4.49166854821e-08
4.28070371898e-09	2.6030107847e-08
4.32226394927e-09	-4.52047199673e-09
4.36382417955e-09	-3.5650362662e-08
4.40538440983e-09	-5.5020052514e-08
4.44694464011e-09	-5.42502824885e-08
4.48850487039e-09	-3.27019442636e-08
4.53006510067e-09	1.85525939056e-09
4.57162533095e-09	3.6192226105e-08
