% time-domain current integration by openEMS v0.37.0-rc2-21-gd59e7e7 @Sat Sep 19 15:13:45 2026
% start-coordinates: (-0.00394875,-0.00925,0) m -> [24,33,22]
% stop-coordinates: (0.00195,-0.00925,3.5e-05) m -> [27,33,23]
% t/s	current
6.11179857079e-14	0
4.16213482671e-11	0
8.31815785485e-11	-1.86105997944e-23
1.2474180883e-10	5.9064697967e-16
1.66302039111e-10	1.60287636029e-14
2.07862269393e-10	-8.31917474904e-15
2.49422499674e-10	-2.883417043e-14
2.90982729956e-10	-3.53790008899e-14
3.32542960237e-10	-1.23087033187e-13
3.74103190518e-10	-1.38473244373e-13
4.156634208e-10	-1.33752763639e-13
4.57223651081e-10	-4.12561898164e-14
4.98783881363e-10	1.29332132569e-13
5.40344111644e-10	3.96663767371e-13
5.81904341925e-10	6.10442306512e-13
6.23464572207e-10	7.40583592715e-13
6.65024802488e-10	4.05839478777e-13
7.0658503277e-10	-3.37924837852e-13
7.48145263051e-10	-1.30123006554e-12
7.89705493332e-10	-1.9829962325e-12
8.31265723614e-10	-2.14145758418e-12
8.72825953895e-10	-1.20720295739e-12
9.14386184177e-10	1.05884842994e-12
9.55946414458e-10	3.79412560397e-12
9.97506644739e-10	5.94811786631e-12
1.03906687502e-09	6.13914648284e-12
1.0806271053e-09	3.19754682801e-12
1.12218733558e-09	-2.95690728846e-12
1.16374756586e-09	-1.0428966718e-11
1.20530779615e-09	-1.59352756685e-11
1.24686802643e-09	-1.595625021e-11
1.28842825671e-09	-8.02930638644e-12
1.32998848699e-09	7.18057037441e-12
1.37154871727e-09	2.50262224138e-11
1.41310894755e-09	3.75818785814e-11
1.45466917783e-09	3.67470429086e-11
1.49622940812e-09	1.80521431137e-11
1.5377896384e-09	-1.59180689463e-11
1.57934986868e-09	-5.40469093091e-11
1.62091009896e-09	-7.94145860183e-11
1.66247032924e-09	-7.58595131156e-11
1.70403055952e-09	-3.61779842195e-11
1.7455907898e-09	3.18925025278e-11
1.78715102009e-09	1.04764572018e-10
1.82871125037e-09	1.49995210696e-10
1.87027148065e-09	1.39482120298e-10
1.91183171093e-09	6.39203343034e-11
1.95339194121e-09	-5.82321760256e-11
1.99495217149e-09	-1.82588319464e-10
2.03651240177e-09	-2.53774279368e-10
2.07807263206e-09	-2.28785879131e-10
2.11963286234e-09	-9.93987461784e-11
2.16119309262e-09	9.71553115736e-11
2.2027533229e-09	2.86545093209e-10
2.24431355318e-09	3.84651477336e-10
2.28587378346e-09	3.3404490285e-10
2.32743401374e-09	1.34176419975e-10
2.36899424403e-09	-1.49745979505e-10
2.41055447431e-09	-4.06720906954e-10
2.45211470459e-09	-5.23265097918e-10
2.49367493487e-09	-4.33543867473e-10
2.53523516515e-09	-1.54015356024e-10
2.57679539543e-09	2.15005735438e-10
2.61835562571e-09	5.25211096836e-10
2.659915856e-09	6.40899888715e-10
2.70147608628e-09	4.99227270634e-10
2.74303631656e-09	1.4318757291e-10
2.78459654684e-09	-2.90060420127e-10
2.82615677712e-09	-6.2267768719e-10
2.8677170074e-09	-7.11050551772e-10
2.90927723768e-09	-5.09238706758e-10
2.95083746797e-09	-9.27324189659e-11
2.99239769825e-09	3.69693775593e-10
3.03395792853e-09	6.85884127272e-10
3.07551815881e-09	7.21616100208e-10
3.11707838909e-09	4.59438320721e-10
3.15863861937e-09	7.11661979347e-12
3.20019884965e-09	-4.46693793066e-10
3.24175907993e-09	-7.12522818525e-10
3.28331931022e-09	-6.80456468949e-10
3.3248795405e-09	-3.66257357776e-10
3.36643977078e-09	9.60301282937e-11
3.40800000106e-09	5.1202148077e-10
3.44956023134e-09	7.09166669832e-10
3.49112046162e-09	6.08967987148e-10
3.5326806919e-09	2.58177590418e-10
3.57424092219e-09	-1.93519145153e-10
3.61580115247e-09	-5.57596913087e-10
3.65736138275e-09	-6.85910606091e-10
3.69892161303e-09	-5.30632648932e-10
3.74048184331e-09	-1.61361563e-10
3.78204207359e-09	2.66748040323e-10
3.82360230387e-09	5.78767089809e-10
3.86516253416e-09	6.51237896943e-10
3.90672276444e-09	4.60736643282e-10
3.94828299472e-09	8.99265939491e-11
3.989843225e-09	-3.08743031141e-10
4.03140345528e-09	-5.76414915798e-10
4.07296368556e-09	-6.10761885511e-10
4.11452391584e-09	-4.04518918362e-10
4.15608414613e-09	-4.51496409704e-11
4.19764437641e-09	3.22755433491e-10
4.23920460669e-09	5.55902601729e-10
4.28076483697e-09	5.67983327038e-10
4.32232506725e-09	3.60902641106e-10
4.36388529753e-09	2.09761964742e-11
4.40544552781e-09	-3.17220139046e-10
4.4470057581e-09	-5.24321253081e-10
4.48856598838e-09	-5.25423871078e-10
4.53012621866e-09	-3.26629695513e-10
4.57168644894e-09	-9.9445026866e-12
