% time-domain voltage integration by openEMS v0.37.0-rc2-21-gd59e7e7 @Sat Sep 19 15:13:45 2026
% start-coordinates: (0,-0.0108192,3.5e-05) m -> [26,32,23]
% stop-coordinates: (0,-0.0108192,-0.0016) m -> [26,32,21]
% t/s	voltage
0	0
4.15602302814e-11	0
8.31204605628e-11	1.17924855298e-21
1.24680690844e-10	-1.16233683258e-15
1.66240921126e-10	-2.93409475318e-13
2.07801151407e-10	8.11447480389e-13
2.49361381688e-10	6.54568153152e-12
2.9092161197e-10	-8.11789958172e-12
3.32481842251e-10	-1.88228408554e-11
3.74042072533e-10	-4.59498515626e-11
4.15602302814e-10	-3.48438881914e-11
4.57162533095e-10	-8.11572510584e-12
4.98722763377e-10	3.39644562475e-11
5.40282993658e-10	1.25627994119e-10
5.8184322394e-10	1.81018047773e-10
6.23403454221e-10	1.79584569437e-10
6.64963684502e-10	4.53597229222e-11
7.06523914784e-10	-1.83438708667e-10
7.48084145065e-10	-4.16353562738e-10
7.89644375347e-10	-5.93685434147e-10
8.31204605628e-10	-5.15080422758e-10
8.72764835909e-10	-1.28438454317e-10
9.14325066191e-10	5.50967826918e-10
9.55885296472e-10	1.29612265365e-09
9.97445526754e-10	1.74546699316e-09
1.03900575704e-09	1.4415709737e-09
1.08056598732e-09	2.35096442314e-10
1.1221262176e-09	-1.69396685568e-09
1.16368644788e-09	-3.62586005664e-09
1.20524667816e-09	-4.54930537686e-09
1.24680690844e-09	-3.50460149789e-09
1.28836713872e-09	-2.17473039577e-10
1.329927369e-09	4.56490312217e-09
1.37148759929e-09	8.94924223616e-09
1.41304782957e-09	1.05883666279e-08
1.45460805985e-09	7.58493623465e-09
1.49616829013e-09	-2.73045225319e-10
1.53772852041e-09	-1.07794146942e-08
1.57928875069e-09	-1.9652974359e-08
1.62084898097e-09	-2.19954063851e-08
1.66240921126e-09	-1.46137546508e-08
1.70396944154e-09	1.94706917256e-09
1.74552967182e-09	2.24570513296e-08
1.7870899021e-09	3.82914357999e-08
1.82865013238e-09	4.07164968408e-08
1.87021036266e-09	2.51439935539e-08
1.91177059294e-09	-5.68756686192e-09
1.95333082323e-09	-4.12054710353e-08
1.99489105351e-09	-6.62553816255e-08
2.03645128379e-09	-6.72557405323e-08
2.07801151407e-09	-3.88867036349e-08
2.11957174435e-09	1.18399201554e-08
2.16113197463e-09	6.6519483255e-08
2.20269220491e-09	1.01834821464e-07
2.2442524352e-09	9.93307764929e-08
2.28581266548e-09	5.44913127953e-08
2.32737289576e-09	-1.928565041e-08
2.36893312604e-09	-9.42786257951e-08
2.41049335632e-09	-1.39014616707e-07
2.4520535866e-09	-1.31577778006e-07
2.49361381688e-09	-7.00803184372e-08
2.53517404717e-09	2.47764333494e-08
2.57673427745e-09	1.16799093064e-07
2.61829450773e-09	1.68584136873e-07
2.65985473801e-09	1.57159888658e-07
2.70141496829e-09	8.42052827466e-08
2.74297519857e-09	-2.37624657728e-08
2.78453542885e-09	-1.25576619325e-07
2.82609565914e-09	-1.81827047641e-07
2.86765588942e-09	-1.70682753264e-07
2.9092161197e-09	-9.64098276768e-08
2.95077634998e-09	1.26241754828e-08
2.99233658026e-09	1.15517835297e-07
3.03389681054e-09	1.74859522417e-07
3.07545704082e-09	1.70698385205e-07
3.11701727111e-09	1.0699475439e-07
3.15857750139e-09	8.82849704453e-09
3.20013773167e-09	-8.81043789036e-08
3.24169796195e-09	-1.50764250861e-07
3.28325819223e-09	-1.60062128884e-07
3.32481842251e-09	-1.16122926386e-07
3.36637865279e-09	-3.65182906137e-08
3.40793888307e-09	5.09045108288e-08
3.44949911336e-09	1.17763249818e-07
3.49105934364e-09	1.43961273125e-07
3.53261957392e-09	1.23212487324e-07
3.5741798042e-09	6.40211723635e-08
3.61574003448e-09	-1.36959021901e-08
3.65730026476e-09	-8.49151433613e-08
3.69886049504e-09	-1.27170949327e-07
3.74042072533e-09	-1.27321882815e-07
3.78198095561e-09	-8.5691809204e-08
3.82354118589e-09	-1.60956368234e-08
3.86510141617e-09	5.83261403619e-08
3.90666164645e-09	1.12490482707e-07
3.94822187673e-09	1.27834695718e-07
3.98978210701e-09	9.88815500591e-08
4.0313423373e-09	3.55607490121e-08
4.07290256758e-09	-3.99058883715e-08
4.11446279786e-09	-1.00687650217e-07
4.15602302814e-09	-1.24970753745e-07
4.19758325842e-09	-1.04038477389e-07
4.2391434887e-09	-4.56675017801e-08
4.28070371898e-09	2.85947194811e-08
4.32226394927e-09	9.13659974344e-08
4.36382417955e-09	1.19612991512e-07
4.40538440983e-09	1.0329836897e-07
4.44694464011e-09	4.90854716872e-08
4.48850487039e-09	-2.22417906315e-08
4.53006510067e-09	-8.37984543978e-08
4.57162533095e-09	-1.12763721916e-07
