% time-domain voltage integration by openEMS v0.37.0-rc2-21-gd59e7e7 @Sat Sep 19 15:13:45 2026
% start-coordinates: (0.02375,-0.0183298,3.5e-05) m -> [40,18,23]
% stop-coordinates: (0.02375,-0.0183298,-0.0016) m -> [40,18,21]
% t/s	voltage
0	0
4.15602302814e-11	0
8.31204605628e-11	0
1.24680690844e-10	0
1.66240921126e-10	2.89564945494e-20
2.07801151407e-10	1.36389573392e-15
2.49361381688e-10	2.17584346265e-13
2.9092161197e-10	-1.19342700327e-13
3.32481842251e-10	2.50456491484e-12
3.74042072533e-10	1.57680934282e-11
4.15602302814e-10	6.31781736302e-12
4.57162533095e-10	-6.92121221446e-11
4.98722763377e-10	-1.3157515355e-10
5.40282993658e-10	-1.60190832821e-10
5.8184322394e-10	-1.08250235165e-10
6.23403454221e-10	4.49602091668e-11
6.64963684502e-10	2.786770259e-10
7.06523914784e-10	4.93708351978e-10
7.48084145065e-10	5.60505197811e-10
7.89644375347e-10	3.34096417198e-10
8.31204605628e-10	-2.25914925656e-10
8.72764835909e-10	-9.96164373213e-10
9.14325066191e-10	-1.64884117471e-09
9.55885296472e-10	-1.74514880324e-09
9.97445526754e-10	-9.18647546921e-10
1.03900575704e-09	8.68296545775e-10
1.08056598732e-09	3.1318800886e-09
1.1221262176e-09	4.85896567426e-09
1.16368644788e-09	4.82257656031e-09
1.20524667816e-09	2.1872652578e-09
1.24680690844e-09	-2.86719781251e-09
1.28836713872e-09	-8.749876379e-09
1.329927369e-09	-1.26990169491e-08
1.37148759929e-09	-1.1781271958e-08
1.41304782957e-09	-4.41186953637e-09
1.45460805985e-09	8.22861867533e-09
1.49616829013e-09	2.17255742285e-08
1.53772852041e-09	2.95033810715e-08
1.57928875069e-09	2.54896743712e-08
1.62084898097e-09	7.45243600164e-09
1.66240921126e-09	-2.0497243014e-08
1.70396944154e-09	-4.78427786277e-08
1.74552967182e-09	-6.09270713881e-08
1.7870899021e-09	-4.88845053326e-08
1.82865013238e-09	-1.00150527871e-08
1.87021036266e-09	4.47179218099e-08
1.91177059294e-09	9.35603310381e-08
1.95333082323e-09	1.11763363009e-07
1.99489105351e-09	8.29388184798e-08
2.03645128379e-09	9.1467402541e-09
2.07801151407e-09	-8.57124362597e-08
2.11957174435e-09	-1.62475487286e-07
2.16113197463e-09	-1.82129184623e-07
2.20269220491e-09	-1.2436828456e-07
2.2442524352e-09	-8.1447865119e-10
2.28581266548e-09	1.44576802086e-07
2.32737289576e-09	2.50395828516e-07
2.36893312604e-09	2.63455319782e-07
2.41049335632e-09	1.64527094171e-07
2.4520535866e-09	-1.80330843591e-08
2.49361381688e-09	-2.14921684005e-07
2.53517404717e-09	-3.4231754853e-07
2.57673427745e-09	-3.38028684155e-07
2.61829450773e-09	-1.91578365616e-07
2.65985473801e-09	4.64057912097e-08
2.70141496829e-09	2.81648112832e-07
2.74297519857e-09	4.1466492462e-07
2.78453542885e-09	3.84123552521e-07
2.82609565914e-09	1.95649832335e-07
2.86765588942e-09	-7.77613067271e-08
2.9092161197e-09	-3.25075347973e-07
2.95077634998e-09	-4.44138834155e-07
2.99233658026e-09	-3.85591789609e-07
3.03389681054e-09	-1.74209489501e-07
3.07545704082e-09	1.01942347897e-07
3.11701727111e-09	3.29690465151e-07
3.15857750139e-09	4.19052582856e-07
3.20013773167e-09	3.4028315099e-07
3.24169796195e-09	1.338247273e-07
3.28325819223e-09	-1.10142565291e-07
3.32481842251e-09	-2.92226360443e-07
3.36637865279e-09	-3.45682821035e-07
3.40793888307e-09	-2.61423735992e-07
3.44949911336e-09	-8.67152678552e-08
3.49105934364e-09	9.9799244424e-08
3.53261957392e-09	2.23810900479e-07
3.5741798042e-09	2.45379794706e-07
3.61574003448e-09	1.71014519879e-07
3.65730026476e-09	4.4702485269e-08
3.69886049504e-09	-7.5606237715e-08
3.74042072533e-09	-1.44082022757e-07
3.78198095561e-09	-1.43993091228e-07
3.82354118589e-09	-8.96028069519e-08
3.86510141617e-09	-1.44904426236e-08
3.90666164645e-09	4.6379941665e-08
3.94822187673e-09	7.18834911595e-08
3.98978210701e-09	6.10484320873e-08
4.0313423373e-09	2.90762773858e-08
4.07290256758e-09	-3.17066772837e-09
4.11446279786e-09	-2.01909138298e-08
4.15602302814e-09	-1.81996604454e-08
4.19758325842e-09	-4.46587700154e-09
4.2391434887e-09	8.63339444379e-09
4.28070371898e-09	1.12749747316e-08
4.32226394927e-09	1.33849364925e-09
4.36382417955e-09	-1.51180987729e-08
4.40538440983e-09	-2.78029794742e-08
4.44694464011e-09	-2.80903975636e-08
4.48850487039e-09	-1.37404700951e-08
4.53006510067e-09	9.82530057314e-09
4.57162533095e-09	3.21248769808e-08
