% time-domain voltage integration by openEMS v0.37.0-rc2-21-gd59e7e7 @Sat Sep 19 15:13:45 2026
% start-coordinates: (0,-0.0075,3.5e-05) m -> [26,34,23]
% stop-coordinates: (0,-0.0075,-0.0016) m -> [26,34,21]
% t/s	voltage
0	0
4.15602302814e-11	0
8.31204605628e-11	8.17097195247e-25
1.24680690844e-10	-1.019841896e-16
1.66240921126e-10	-3.01491551993e-13
2.07801151407e-10	6.83592505518e-13
2.49361381688e-10	3.47191698134e-12
2.9092161197e-10	2.65290437187e-12
3.32481842251e-10	-7.18525195939e-12
3.74042072533e-10	-2.57353270638e-11
4.15602302814e-10	-2.98090371831e-11
4.57162533095e-10	-2.7160379848e-11
4.98722763377e-10	-5.76562452295e-12
5.40282993658e-10	5.4405386446e-11
5.8184322394e-10	9.75738656539e-11
6.23403454221e-10	1.30244134922e-10
6.64963684502e-10	1.11088756249e-10
7.06523914784e-10	-9.15618535852e-12
7.48084145065e-10	-1.87160120735e-10
7.89644375347e-10	-3.66727398449e-10
8.31204605628e-10	-4.24279889e-10
8.72764835909e-10	-3.00421659771e-10
9.14325066191e-10	6.95571863996e-11
9.55885296472e-10	5.98628313586e-10
9.97445526754e-10	1.08342690375e-09
1.03900575704e-09	1.21832810507e-09
1.08056598732e-09	7.7851647351e-10
1.1221262176e-09	-3.04122282913e-10
1.16368644788e-09	-1.73745484666e-09
1.20524667816e-09	-2.92944313252e-09
1.24680690844e-09	-3.11808090458e-09
1.28836713872e-09	-1.78997638933e-09
1.329927369e-09	1.02856745343e-09
1.37148759929e-09	4.4704018265e-09
1.41304782957e-09	7.05038605275e-09
1.45460805985e-09	7.1044232719e-09
1.49616829013e-09	3.65634100774e-09
1.53772852041e-09	-2.81954593007e-09
1.57928875069e-09	-1.01903046001e-08
1.62084898097e-09	-1.51361074785e-08
1.66240921126e-09	-1.44552556591e-08
1.70396944154e-09	-6.7018635086e-09
1.74552967182e-09	6.54113208043e-09
1.7870899021e-09	2.05784189689e-08
1.82865013238e-09	2.8999666668e-08
1.87021036266e-09	2.63781760879e-08
1.91177059294e-09	1.11007238957e-08
1.95333082323e-09	-1.29238104662e-08
1.99489105351e-09	-3.68033603593e-08
2.03645128379e-09	-4.96836705111e-08
2.07801151407e-09	-4.3455727905e-08
2.11957174435e-09	-1.70095884044e-08
2.16113197463e-09	2.1865718125e-08
2.20269220491e-09	5.8431062655e-08
2.2442524352e-09	7.64109699958e-08
2.28581266548e-09	6.5060397958e-08
2.32737289576e-09	2.47464075898e-08
2.36893312604e-09	-3.15972314979e-08
2.41049335632e-09	-8.24665207233e-08
2.4520535866e-09	-1.06017495227e-07
2.49361381688e-09	-8.93867664331e-08
2.53517404717e-09	-3.50843976094e-08
2.57673427745e-09	3.85771556921e-08
2.61829450773e-09	1.03733803769e-07
2.65985473801e-09	1.33723716544e-07
2.70141496829e-09	1.14063624324e-07
2.74297519857e-09	4.90911276074e-08
2.78453542885e-09	-3.87473555463e-08
2.82609565914e-09	-1.16874481648e-07
2.86765588942e-09	-1.54986622647e-07
2.9092161197e-09	-1.36905725867e-07
2.95077634998e-09	-6.72669955293e-08
2.99233658026e-09	2.97180093867e-08
3.03389681054e-09	1.18941521521e-07
3.07545704082e-09	1.67367488757e-07
3.11701727111e-09	1.56305929977e-07
3.15857750139e-09	8.85323387934e-08
3.20013773167e-09	-1.24942909352e-08
3.24169796195e-09	-1.108813521e-07
3.28325819223e-09	-1.71164998619e-07
3.32481842251e-09	-1.71121712356e-07
3.36637865279e-09	-1.09920115676e-07
3.40793888307e-09	-8.69311911345e-09
3.44949911336e-09	9.67240225691e-08
3.49105934364e-09	1.68502211295e-07
3.53261957392e-09	1.80445297815e-07
3.5741798042e-09	1.27636582192e-07
3.61574003448e-09	2.85717423054e-08
3.65730026476e-09	-8.12069060885e-08
3.69886049504e-09	-1.61859617265e-07
3.74042072533e-09	-1.83816155186e-07
3.78198095561e-09	-1.38839240549e-07
3.82354118589e-09	-4.33127524957e-08
3.86510141617e-09	6.7645856916e-08
3.90666164645e-09	1.53098810074e-07
3.94822187673e-09	1.81558561962e-07
3.98978210701e-09	1.4280831806e-07
4.0313423373e-09	5.17574569869e-08
4.07290256758e-09	-5.72399336818e-08
4.11446279786e-09	-1.43382294482e-07
4.15602302814e-09	-1.74855443902e-07
4.19758325842e-09	-1.40729298437e-07
4.2391434887e-09	-5.48540661782e-08
4.28070371898e-09	4.96979879472e-08
4.32226394927e-09	1.33403005975e-07
4.36382417955e-09	1.65331911717e-07
4.40538440983e-09	1.34663565632e-07
4.44694464011e-09	5.43685310106e-08
4.48850487039e-09	-4.4205489047e-08
4.53006510067e-09	-1.23581330058e-07
4.57162533095e-09	-1.54450845002e-07
