% time-domain voltage integration by openEMS v0.37.0-rc2-21-gd59e7e7 @Sat Sep 19 15:13:45 2026
% start-coordinates: (-0.025,-0.0183298,3.5e-05) m -> [6,18,23]
% stop-coordinates: (-0.025,-0.0183298,-0.0016) m -> [6,18,21]
% t/s	voltage
0	0
4.15602302814e-11	5.29752587283e-12
8.31204605628e-11	3.6540572651e-11
1.24680690844e-10	-3.58640651899e-11
1.66240921126e-10	-1.24805027424e-10
2.07801151407e-10	-1.92474050587e-10
2.49361381688e-10	-1.6780771217e-10
2.9092161197e-10	-5.62096549861e-11
3.32481842251e-10	1.77912157229e-10
3.74042072533e-10	5.118026003e-10
4.15602302814e-10	7.22957915755e-10
4.57162533095e-10	6.73011313346e-10
4.98722763377e-10	1.64748076292e-10
5.40282993658e-10	-7.07254366183e-10
5.8184322394e-10	-1.67386049466e-09
6.23403454221e-10	-2.2582444803e-09
6.64963684502e-10	-1.89907889414e-09
7.06523914784e-10	-2.50132331514e-10
7.48084145065e-10	2.41340192275e-09
7.89644375347e-10	5.09616393529e-09
8.31204605628e-10	6.4328493643e-09
8.72764835909e-10	4.92721596856e-09
9.14325066191e-10	5.4878438599e-11
9.55885296472e-10	-7.08562231111e-09
9.97445526754e-10	-1.36975231158e-08
1.03900575704e-09	-1.61537574428e-08
1.08056598732e-09	-1.13277609515e-08
1.1221262176e-09	1.34067545954e-09
1.16368644788e-09	1.83913435592e-08
1.20524667816e-09	3.27579243731e-08
1.24680690844e-09	3.61581520281e-08
1.28836713872e-09	2.292024881e-08
1.329927369e-09	-6.20334361656e-09
1.37148759929e-09	-4.21246788562e-08
1.41304782957e-09	-6.92989630124e-08
1.45460805985e-09	-7.16733197237e-08
1.49616829013e-09	-4.06336440051e-08
1.53772852041e-09	1.85664017494e-08
1.57928875069e-09	8.54079971191e-08
1.62084898097e-09	1.30076728055e-07
1.66240921126e-09	1.25843683918e-07
1.70396944154e-09	6.27767775541e-08
1.74552967182e-09	-4.33950617662e-08
1.7870899021e-09	-1.53050095264e-07
1.82865013238e-09	-2.16456399471e-07
1.87021036266e-09	-1.95463130126e-07
1.91177059294e-09	-8.3751338309e-08
1.95333082323e-09	8.42674268142e-08
1.99489105351e-09	2.42609957013e-07
2.03645128379e-09	3.19203536492e-07
2.07801151407e-09	2.68276579618e-07
2.11957174435e-09	9.52254097797e-08
2.16113197463e-09	-1.39288076184e-07
2.20269220491e-09	-3.40066321769e-07
2.2442524352e-09	-4.16769893263e-07
2.28581266548e-09	-3.24866761048e-07
2.32737289576e-09	-8.98582186437e-08
2.36893312604e-09	1.98499122916e-07
2.41049335632e-09	4.2134161049e-07
2.4520535866e-09	4.81359109017e-07
2.49361381688e-09	3.46476298319e-07
2.53517404717e-09	6.66029009722e-08
2.57673427745e-09	-2.45309564662e-07
2.61829450773e-09	-4.60940299263e-07
2.65985473801e-09	-4.91243270062e-07
2.70141496829e-09	-3.24971864529e-07
2.74297519857e-09	-3.29010205746e-08
2.78453542885e-09	2.63379490661e-07
2.82609565914e-09	4.44313769776e-07
2.86765588942e-09	4.4238800001e-07
2.9092161197e-09	2.68121539193e-07
2.95077634998e-09	1.75474834663e-09
2.99233658026e-09	-2.44703187491e-07
3.03389681054e-09	-3.75925907292e-07
3.07545704082e-09	-3.51126431042e-07
3.11701727111e-09	-1.95895879074e-07
3.15857750139e-09	1.51870143128e-08
3.20013773167e-09	1.9413076302e-07
3.24169796195e-09	2.76794196452e-07
3.28325819223e-09	2.45628456241e-07
3.32481842251e-09	1.29795679982e-07
3.36637865279e-09	-1.35799922418e-08
3.40793888307e-09	-1.26727385918e-07
3.44949911336e-09	-1.74062066094e-07
3.49105934364e-09	-1.51969004492e-07
3.53261957392e-09	-8.3221870284e-08
3.5741798042e-09	-2.50170528737e-09
3.61574003448e-09	6.00356884206e-08
3.65730026476e-09	8.87680045025e-08
3.69886049504e-09	8.43210372636e-08
3.74042072533e-09	5.80924250926e-08
3.78198095561e-09	2.42286386509e-08
3.82354118589e-09	-6.77429978779e-09
3.86510141617e-09	-2.9792726508e-08
3.90666164645e-09	-4.36402807225e-08
3.94822187673e-09	-4.83697739639e-08
3.98978210701e-09	-4.34067324306e-08
4.0313423373e-09	-2.82805672214e-08
4.07290256758e-09	-4.41190017852e-09
4.11446279786e-09	2.31559855735e-08
4.15602302814e-09	4.61939215768e-08
4.19758325842e-09	5.59208750417e-08
4.2391434887e-09	4.70877594694e-08
4.28070371898e-09	2.08790194023e-08
4.32226394927e-09	-1.4379359925e-08
4.36382417955e-09	-4.58883384624e-08
4.40538440983e-09	-6.145590703e-08
4.44694464011e-09	-5.44745972775e-08
4.48850487039e-09	-2.69213824566e-08
4.53006510067e-09	1.10739879489e-08
4.57162533095e-09	4.50680701647e-08
