% time-domain voltage integration by openEMS v0.37.0-rc2-21-gd59e7e7 @Sat Sep 19 15:13:45 2026
% start-coordinates: (0.025,-0.0183298,3.5e-05) m -> [41,18,23]
% stop-coordinates: (0.025,-0.0183298,-0.0016) m -> [41,18,21]
% t/s	voltage
0	0
4.15602302814e-11	0
8.31204605628e-11	0
1.24680690844e-10	0
1.66240921126e-10	6.83591024722e-21
2.07801151407e-10	5.6790605086e-16
2.49361381688e-10	1.52154791587e-13
2.9092161197e-10	-1.34780873596e-14
3.32481842251e-10	1.70828173655e-12
3.74042072533e-10	1.12470961364e-11
4.15602302814e-10	1.52300672074e-11
4.57162533095e-10	-5.58067585199e-11
4.98722763377e-10	-1.16216494761e-10
5.40282993658e-10	-1.57966278946e-10
5.8184322394e-10	-1.27097429803e-10
6.23403454221e-10	6.44261076779e-12
6.64963684502e-10	2.26897126088e-10
7.06523914784e-10	4.51674753155e-10
7.48084145065e-10	5.56352963699e-10
7.89644375347e-10	3.95892013616e-10
8.31204605628e-10	-9.33059740582e-11
8.72764835909e-10	-8.27802770775e-10
9.14325066191e-10	-1.52368939688e-09
9.55885296472e-10	-1.75230641108e-09
9.97445526754e-10	-1.12999953839e-09
1.03900575704e-09	4.61637200688e-10
1.08056598732e-09	2.65203126126e-09
1.1221262176e-09	4.54004522865e-09
1.16368644788e-09	4.91914331491e-09
1.20524667816e-09	2.84814061224e-09
1.24680690844e-09	-1.73442216145e-09
1.28836713872e-09	-7.53038520429e-09
1.329927369e-09	-1.20067813469e-08
1.37148759929e-09	-1.22038921191e-08
1.41304782957e-09	-6.18964612897e-09
1.45460805985e-09	5.46660583467e-09
1.49616829013e-09	1.90002413802e-08
1.53772852041e-09	2.82161156662e-08
1.57928875069e-09	2.68260542668e-08
1.62084898097e-09	1.16688445573e-08
1.66240921126e-09	-1.45182941225e-08
1.70396944154e-09	-4.24676080968e-08
1.74552967182e-09	-5.89746278479e-08
1.7870899021e-09	-5.23480672143e-08
1.82865013238e-09	-1.88189890338e-08
1.87021036266e-09	3.3290110224e-08
1.91177059294e-09	8.42387990474e-08
1.95333082323e-09	1.09492923173e-07
1.99489105351e-09	9.05303281229e-08
2.03645128379e-09	2.53915537485e-08
2.07801151407e-09	-6.63832935288e-08
2.11957174435e-09	-1.48292670588e-07
2.16113197463e-09	-1.80612360623e-07
2.20269220491e-09	-1.38635726898e-07
2.2442524352e-09	-2.72918931898e-08
2.28581266548e-09	1.15674893664e-07
2.32737289576e-09	2.3155416784e-07
2.36893312604e-09	2.64511356818e-07
2.41049335632e-09	1.87769771287e-07
2.4520535866e-09	2.00698426767e-08
2.49361381688e-09	-1.76778442551e-07
2.53517404717e-09	-3.2061791444e-07
2.57673427745e-09	-3.43696171967e-07
2.61829450773e-09	-2.24571081731e-07
2.65985473801e-09	-1.98525618167e-09
2.70141496829e-09	2.37288034555e-07
2.74297519857e-09	3.93224894424e-07
2.78453542885e-09	3.95649095708e-07
2.82609565914e-09	2.36562769373e-07
2.86765588942e-09	-2.36067627668e-08
2.9092161197e-09	-2.79775974832e-07
2.95077634998e-09	-4.26343092386e-07
2.99233658026e-09	-4.02508959496e-07
3.03389681054e-09	-2.18552955289e-07
3.07545704082e-09	4.87073066324e-08
3.11701727111e-09	2.89290625233e-07
3.15857750139e-09	4.07172507266e-07
3.20013773167e-09	3.60224646556e-07
3.24169796195e-09	1.75722462359e-07
3.28325819223e-09	-6.4452187587e-08
3.32481842251e-09	-2.61108482391e-07
3.36637865279e-09	-3.40080106298e-07
3.40793888307e-09	-2.80974887801e-07
3.44949911336e-09	-1.20973311368e-07
3.49105934364e-09	6.60055974322e-08
3.53261957392e-09	2.03601103976e-07
3.5741798042e-09	2.44683945994e-07
3.61574003448e-09	1.87090350323e-07
3.65730026476e-09	6.85072691908e-08
3.69886049504e-09	-5.47326983735e-08
3.74042072533e-09	-1.33733237817e-07
3.78198095561e-09	-1.46068956042e-07
3.82354118589e-09	-1.00551410753e-07
3.86510141617e-09	-2.78517866548e-08
3.90666164645e-09	3.66218131376e-08
3.94822187673e-09	6.87839261104e-08
3.98978210701e-09	6.3992800392e-08
4.0313423373e-09	3.48836834974e-08
4.07290256758e-09	1.81596937487e-09
4.11446279786e-09	-1.83204864612e-08
4.15602302814e-09	-1.94847160628e-08
4.19758325842e-09	-7.13859327206e-09
4.2391434887e-09	6.86739021205e-09
4.28070371898e-09	1.1858590554e-08
4.32226394927e-09	4.12382705761e-09
4.36382417955e-09	-1.16924612215e-08
4.40538440983e-09	-2.57965648842e-08
4.44694464011e-09	-2.8916309347e-08
4.48850487039e-09	-1.73944787463e-08
4.53006510067e-09	4.79610884341e-09
4.57162533095e-09	2.79452887497e-08
