% time-domain voltage integration by openEMS v0.37.0-rc2-21-gd59e7e7 @Sat Sep 19 15:13:45 2026
% start-coordinates: (-0.02375,-0.0183298,3.5e-05) m -> [7,18,23]
% stop-coordinates: (-0.02375,-0.0183298,-0.0016) m -> [7,18,21]
% t/s	voltage
0	0
4.15602302814e-11	1.25200338378e-12
8.31204605628e-11	4.74313956167e-11
1.24680690844e-10	-2.20979259197e-11
1.66240921126e-10	-1.14630083203e-10
2.07801151407e-10	-1.91819393702e-10
2.49361381688e-10	-1.62142535509e-10
2.9092161197e-10	-9.27165566544e-11
3.32481842251e-10	1.18736756538e-10
3.74042072533e-10	4.50796094897e-10
4.15602302814e-10	6.89732548853e-10
4.57162533095e-10	6.86073642342e-10
4.98722763377e-10	2.62350502434e-10
5.40282993658e-10	-5.02084207543e-10
5.8184322394e-10	-1.44437795058e-09
6.23403454221e-10	-2.12435513625e-09
6.64963684502e-10	-1.98034033616e-09
7.06523914784e-10	-6.09582606614e-10
7.48084145065e-10	1.81874215688e-09
7.89644375347e-10	4.4806824917e-09
8.31204605628e-10	6.12496320329e-09
8.72764835909e-10	5.25375565275e-09
9.14325066191e-10	1.1362908392e-09
9.55885296472e-10	-5.48349099461e-09
9.97445526754e-10	-1.21827676836e-08
1.03900575704e-09	-1.5558605071e-08
1.08056598732e-09	-1.23574777078e-08
1.1221262176e-09	-1.44914813482e-09
1.16368644788e-09	1.45740735036e-08
1.20524667816e-09	2.94609900919e-08
1.24680690844e-09	3.52409443849e-08
1.28836713872e-09	2.57034002971e-08
1.329927369e-09	1.87852997047e-10
1.37148759929e-09	-3.40609389582e-08
1.41304782957e-09	-6.2980532789e-08
1.45460805985e-09	-7.0723423562e-08
1.49616829013e-09	-4.71279797409e-08
1.53772852041e-09	5.58331159084e-09
1.57928875069e-09	7.03118274714e-08
1.62084898097e-09	1.19446994518e-07
1.66240921126e-09	1.25815418528e-07
1.70396944154e-09	7.59580842669e-08
1.74552967182e-09	-2.00324201671e-08
1.7870899021e-09	-1.27995420485e-07
1.82865013238e-09	-2.00814142204e-07
1.87021036266e-09	-1.98229898274e-07
1.91177059294e-09	-1.07183339537e-07
1.95333082323e-09	4.69793377533e-08
1.99489105351e-09	2.05754275839e-07
2.03645128379e-09	2.99186439179e-07
2.07801151407e-09	2.76428920643e-07
2.11957174435e-09	1.31858911345e-07
2.16113197463e-09	-8.64697540237e-08
2.20269220491e-09	-2.92042045658e-07
2.2442524352e-09	-3.9475528979e-07
2.28581266548e-09	-3.40854654723e-07
2.32737289576e-09	-1.40420553407e-07
2.36893312604e-09	1.32068137759e-07
2.41049335632e-09	3.65960517001e-07
2.4520535866e-09	4.60954453274e-07
2.49361381688e-09	3.7136041442e-07
2.53517404717e-09	1.28332061422e-07
2.57673427745e-09	-1.71103692992e-07
2.61829450773e-09	-4.04546028676e-07
2.65985473801e-09	-4.76065252997e-07
2.70141496829e-09	-3.57479393642e-07
2.74297519857e-09	-9.97185694018e-08
2.78453542885e-09	1.89756960367e-07
2.82609565914e-09	3.93784091557e-07
2.86765588942e-09	4.34668436355e-07
2.9092161197e-09	3.04749505631e-07
2.95077634998e-09	6.60631584992e-08
2.99233658026e-09	-1.79870895067e-07
3.03389681054e-09	-3.36449460292e-07
3.07545704082e-09	-3.50987932052e-07
3.11701727111e-09	-2.32139782952e-07
3.15857750139e-09	-3.99910682347e-08
3.20013773167e-09	1.43619217852e-07
3.24169796195e-09	2.50524692547e-07
3.28325819223e-09	2.51451325539e-07
3.32481842251e-09	1.61821745337e-07
3.36637865279e-09	2.88002404147e-08
3.40793888307e-09	-9.2161315024e-08
3.44949911336e-09	-1.60096220725e-07
3.49105934364e-09	-1.61404287269e-07
3.53261957392e-09	-1.08981204505e-07
3.5741798042e-09	-3.18112682862e-08
3.61574003448e-09	3.96336652386e-08
3.65730026476e-09	8.42982288418e-08
3.69886049504e-09	9.52071701477e-08
3.74042072533e-09	7.74681865323e-08
3.78198095561e-09	4.26653024022e-08
3.82354118589e-09	3.04695468856e-09
3.86510141617e-09	-3.15389456773e-08
3.90666164645e-09	-5.45834062393e-08
3.94822187673e-09	-6.25192342341e-08
3.98978210701e-09	-5.41921707509e-08
4.0313423373e-09	-3.13656549622e-08
4.07290256758e-09	7.21403436987e-10
4.11446279786e-09	3.3444269576e-08
4.15602302814e-09	5.66751801045e-08
4.19758325842e-09	6.20271194407e-08
4.2391434887e-09	4.64994229787e-08
4.28070371898e-09	1.42917775392e-08
4.32226394927e-09	-2.38171420364e-08
4.36382417955e-09	-5.40695879181e-08
4.40538440983e-09	-6.50467200103e-08
4.44694464011e-09	-5.22145207071e-08
4.48850487039e-09	-1.99862917327e-08
4.53006510067e-09	1.97043146244e-08
4.57162533095e-09	5.18833687124e-08
