% time-domain voltage integration by openEMS v0.37.0-rc2-21-gd59e7e7 @Sat Sep 19 15:13:45 2026
% start-coordinates: (0.0263653,-0.0183298,3.5e-05) m -> [42,18,23]
% stop-coordinates: (0.0263653,-0.0183298,-0.0016) m -> [42,18,21]
% t/s	voltage
0	0
4.15602302814e-11	0
8.31204605628e-11	0
1.24680690844e-10	0
1.66240921126e-10	1.30135624414e-21
2.07801151407e-10	2.01570614215e-16
2.49361381688e-10	9.58658947039e-14
2.9092161197e-10	1.0722880781e-13
3.32481842251e-10	1.02851809101e-12
3.74042072533e-10	6.91092148786e-12
4.15602302814e-10	1.90906561393e-11
4.57162533095e-10	-3.77885535363e-11
4.98722763377e-10	-9.85759737726e-11
5.40282993658e-10	-1.5060244718e-10
5.8184322394e-10	-1.37853062299e-10
6.23403454221e-10	-2.81578961536e-11
6.64963684502e-10	1.6806724068e-10
7.06523914784e-10	3.91390836407e-10
7.48084145065e-10	5.27671573103e-10
7.89644375347e-10	4.35881025718e-10
8.31204605628e-10	3.41799366588e-11
8.72764835909e-10	-6.33933516792e-10
9.14325066191e-10	-1.33838373717e-09
9.55885296472e-10	-1.6856088747e-09
9.97445526754e-10	-1.28210164707e-09
1.03900575704e-09	5.89718204824e-11
1.08056598732e-09	2.08630956955e-09
1.1221262176e-09	4.0427483583e-09
1.16368644788e-09	4.79784834084e-09
1.20524667816e-09	3.34972116711e-09
1.24680690844e-09	-5.86976967032e-10
1.28836713872e-09	-6.04731376086e-09
1.329927369e-09	-1.08283355615e-08
1.37148759929e-09	-1.20788579139e-08
1.41304782957e-09	-7.6220825207e-09
1.45460805985e-09	2.5829189898e-09
1.49616829013e-09	1.55695616399e-08
1.53772852041e-09	2.57760142119e-08
1.57928875069e-09	2.69710547229e-08
1.62084898097e-09	1.52378483165e-08
1.66240921126e-09	-8.12442557674e-09
1.70396944154e-09	-3.54613511888e-08
1.74552967182e-09	-5.45841345456e-08
1.7870899021e-09	-5.35066035923e-08
1.82865013238e-09	-2.65986628278e-08
1.87021036266e-09	2.07444976752e-08
1.91177059294e-09	7.15922325867e-08
1.95333082323e-09	1.02680409952e-07
1.99489105351e-09	9.4191733524e-08
2.03645128379e-09	4.03016962025e-08
2.07801151407e-09	-4.4576790259e-08
2.11957174435e-09	-1.28118912812e-07
2.16113197463e-09	-1.71598216525e-07
2.20269220491e-09	-1.47010055684e-07
2.2442524352e-09	-5.24374854649e-08
2.28581266548e-09	8.21433374654e-08
2.32737289576e-09	2.03200713145e-07
2.36893312604e-09	2.54630123209e-07
2.41049335632e-09	2.03258210263e-07
2.4520535866e-09	5.74179317425e-08
2.49361381688e-09	-1.31207357867e-07
2.53517404717e-09	-2.85599810468e-07
2.57673427745e-09	-3.35278912189e-07
2.61829450773e-09	-2.48658125201e-07
2.65985473801e-09	-5.08546946776e-08
2.70141496829e-09	1.82603258736e-07
2.74297519857e-09	3.55350920245e-07
2.78453542885e-09	3.911884221e-07
2.82609565914e-09	2.68603372433e-07
2.86765588942e-09	3.26749081125e-08
2.9092161197e-09	-2.21994184813e-07
2.95077634998e-09	-3.90708066789e-07
2.99233658026e-09	-4.0349047481e-07
3.03389681054e-09	-2.55314006381e-07
3.07545704082e-09	-8.20261636392e-09
3.11701727111e-09	2.35754725963e-07
3.15857750139e-09	3.7831259192e-07
3.20013773167e-09	3.66295694221e-07
3.24169796195e-09	2.12184232851e-07
3.28325819223e-09	-1.41906708606e-08
3.32481842251e-09	-2.17991868112e-07
3.36637865279e-09	-3.20416006616e-07
3.40793888307e-09	-2.90106328293e-07
3.44949911336e-09	-1.52125494424e-07
3.49105934364e-09	2.76697296187e-08
3.53261957392e-09	1.73962334316e-07
3.5741798042e-09	2.34015459455e-07
3.61574003448e-09	1.96598222146e-07
3.65730026476e-09	9.11268145387e-08
3.69886049504e-09	-3.01571425609e-08
3.74042072533e-09	-1.17163878599e-07
3.78198095561e-09	-1.42342329923e-07
3.82354118589e-09	-1.08291928314e-07
3.86510141617e-09	-4.12593195165e-08
3.90666164645e-09	2.44038762531e-08
3.94822187673e-09	6.24702423124e-08
3.98978210701e-09	6.4538994593e-08
4.0313423373e-09	3.98963386772e-08
4.07290256758e-09	7.43781702894e-09
4.11446279786e-09	-1.52102952455e-08
4.15602302814e-09	-1.98466896251e-08
4.19758325842e-09	-9.71913127756e-09
4.2391434887e-09	4.46385106656e-09
4.28070371898e-09	1.16437481879e-08
4.32226394927e-09	6.60050325507e-09
4.36382417955e-09	-7.74102559831e-09
4.40538440983e-09	-2.25798757469e-08
4.44694464011e-09	-2.84155223795e-08
4.48850487039e-09	-2.0291770042e-08
4.53006510067e-09	-5.01271635311e-10
4.57162533095e-09	2.24890577272e-08
