% time-domain current integration by openEMS v0.37.0-rc2-21-gd59e7e7 @Sat Sep 19 15:13:45 2026
% start-coordinates: (-0.00394875,-0.0108192,0) m -> [24,32,22]
% stop-coordinates: (0.00195,-0.0108192,3.5e-05) m -> [27,32,23]
% t/s	current
6.11179857079e-14	0
4.16213482671e-11	0
8.31815785485e-11	1.01265264085e-21
1.2474180883e-10	4.46403833258e-16
1.66302039111e-10	1.82014014185e-14
2.07862269393e-10	1.06881183794e-14
2.49422499674e-10	5.05755410696e-15
2.90982729956e-10	-5.69149355466e-14
3.32542960237e-10	-3.10867081859e-13
3.74103190518e-10	-6.62465958826e-13
4.156634208e-10	-8.66976900427e-13
4.57223651081e-10	-7.83274270097e-13
4.98783881363e-10	-1.01558023872e-13
5.40344111644e-10	1.27125534492e-12
5.81904341925e-10	2.80236250871e-12
6.23464572207e-10	3.85414226575e-12
6.65024802488e-10	3.27361683768e-12
7.0658503277e-10	6.32698429238e-13
7.48145263051e-10	-4.04577413238e-12
7.89705493332e-10	-9.05511169519e-12
8.31265723614e-10	-1.1966814692e-11
8.72825953895e-10	-9.99879432723e-12
9.14386184177e-10	-1.2545599325e-12
9.55946414458e-10	1.26441765044e-11
9.97506644739e-10	2.70525078033e-11
1.03906687502e-09	3.44636784388e-11
1.0806271053e-09	2.72484639019e-11
1.12218733558e-09	2.12437814735e-12
1.16374756586e-09	-3.59215712731e-11
1.20530779615e-09	-7.29971430524e-11
1.24686802643e-09	-8.92806523156e-11
1.28842825671e-09	-6.71506877881e-11
1.32998848699e-09	-2.10807499929e-12
1.37154871727e-09	9.0575456857e-11
1.41310894755e-09	1.75096270816e-10
1.45466917783e-09	2.06006350867e-10
1.49622940812e-09	1.48137196954e-10
1.5377896384e-09	-1.91327422655e-12
1.57934986868e-09	-2.02626179724e-10
1.62091009896e-09	-3.73723801905e-10
1.66247032924e-09	-4.23061724542e-10
1.70403055952e-09	-2.89435420076e-10
1.7455907898e-09	1.84638970779e-11
1.78715102009e-09	4.0540484858e-10
1.82871125037e-09	7.11915304485e-10
1.87027148065e-09	7.74214525823e-10
1.91183171093e-09	5.01668262487e-10
1.95339194121e-09	-6.14522668863e-11
1.99495217149e-09	-7.25008664215e-10
2.03651240177e-09	-1.20997190045e-09
2.07807263206e-09	-1.26049448657e-09
2.11963286234e-09	-7.67728214335e-10
2.16119309262e-09	1.50438578261e-10
2.2027533229e-09	1.16192644395e-09
2.24431355318e-09	1.83594250913e-09
2.28587378346e-09	1.82387904779e-09
2.32743401374e-09	1.03039266008e-09
2.36899424403e-09	-3.057189224e-10
2.41055447431e-09	-1.67444602628e-09
2.45211470459e-09	-2.48915688061e-09
2.49367493487e-09	-2.34019914558e-09
2.53523516515e-09	-1.1968366298e-09
2.57679539543e-09	5.41355182904e-10
2.61835562571e-09	2.18223372705e-09
2.659915856e-09	3.02248670536e-09
2.70147608628e-09	2.65609356731e-09
2.74303631656e-09	1.17218679208e-09
2.78459654684e-09	-8.55212289874e-10
2.82615677712e-09	-2.59303978289e-09
2.8677170074e-09	-3.30082494671e-09
2.90927723768e-09	-2.65622746021e-09
2.95083746797e-09	-9.06871078232e-10
2.99239769825e-09	1.22399745894e-09
3.03395792853e-09	2.84201817635e-09
3.07551815881e-09	3.26675420048e-09
3.11707838909e-09	2.32659691513e-09
3.15863861937e-09	4.31950891722e-10
3.20019884965e-09	-1.60329238774e-09
3.24175907993e-09	-2.91643864614e-09
3.28331931022e-09	-2.96756574869e-09
3.3248795405e-09	-1.76551251396e-09
3.36643977078e-09	1.47004713957e-10
3.40800000106e-09	1.93835969498e-09
3.44956023134e-09	2.8512128214e-09
3.49112046162e-09	2.52477372342e-09
3.5326806919e-09	1.13472409247e-09
3.57424092219e-09	-6.970236055e-10
3.61580115247e-09	-2.18086393389e-09
3.65736138275e-09	-2.70128741597e-09
3.69892161303e-09	-2.06768446809e-09
3.74048184331e-09	-5.79806869183e-10
3.78204207359e-09	1.11518194679e-09
3.82360230387e-09	2.3059330001e-09
3.86516253416e-09	2.51438314613e-09
3.90672276444e-09	1.68218461383e-09
3.94828299472e-09	1.79248574317e-10
3.989843225e-09	-1.36291888886e-09
4.03140345528e-09	-2.31876695622e-09
4.07296368556e-09	-2.32057439931e-09
4.11452391584e-09	-1.39478373296e-09
4.15608414613e-09	6.25915777541e-11
4.19764437641e-09	1.45844814003e-09
4.23920460669e-09	2.2461792426e-09
4.28076483697e-09	2.13454720566e-09
4.32232506725e-09	1.19429710566e-09
4.36388529753e-09	-1.82741766164e-10
4.40544552781e-09	-1.450279008e-09
4.4470057581e-09	-2.12279305245e-09
4.48856598838e-09	-1.96141747288e-09
4.53012621866e-09	-1.05489172952e-09
4.57168644894e-09	2.26943741577e-10
