% time-domain voltage integration by openEMS v0.37.0-rc2-21-gd59e7e7 @Sat Sep 19 15:13:45 2026
% start-coordinates: (0,-0.00925,3.5e-05) m -> [26,33,23]
% stop-coordinates: (0,-0.00925,-0.0016) m -> [26,33,21]
% t/s	voltage
0	0
4.15602302814e-11	0
8.31204605628e-11	2.91147323982e-23
1.24680690844e-10	-6.83610063241e-16
1.66240921126e-10	-5.10247660096e-13
2.07801151407e-10	1.41386099876e-12
2.49361381688e-10	6.4584947633e-12
2.9092161197e-10	6.24024378178e-13
3.32481842251e-10	-9.94568403329e-12
3.74042072533e-10	-3.57968932274e-11
4.15602302814e-10	-3.40820947853e-11
4.57162533095e-10	-2.68120421698e-11
4.98722763377e-10	7.37807709893e-13
5.40282993658e-10	8.32660884686e-11
5.8184322394e-10	1.31883323706e-10
6.23403454221e-10	1.580865161e-10
6.64963684502e-10	8.20969056625e-11
7.06523914784e-10	-7.37868516287e-11
7.48084145065e-10	-2.68052080532e-10
7.89644375347e-10	-4.65437660635e-10
8.31204605628e-10	-4.83309503529e-10
8.72764835909e-10	-2.4820073774e-10
9.14325066191e-10	2.62379895588e-10
9.55885296472e-10	8.87287243678e-10
9.97445526754e-10	1.37260958155e-09
1.03900575704e-09	1.35140088009e-09
1.08056598732e-09	6.03460170723e-10
1.1221262176e-09	-8.45003789163e-10
1.16368644788e-09	-2.52255016875e-09
1.20524667816e-09	-3.64597263491e-09
1.24680690844e-09	-3.36689476299e-09
1.28836713872e-09	-1.2483383216e-09
1.329927369e-09	2.42296738229e-09
1.37148759929e-09	6.34120267407e-09
1.41304782957e-09	8.63637517057e-09
1.45460805985e-09	7.5169017677e-09
1.49616829013e-09	2.27074670178e-09
1.53772852041e-09	-5.97023630533e-09
1.57928875069e-09	-1.41649794116e-08
1.62084898097e-09	-1.82615984556e-08
1.66240921126e-09	-1.49657459758e-08
1.70396944154e-09	-3.56926355138e-09
1.74552967182e-09	1.28889601214e-08
1.7870899021e-09	2.80517760132e-08
1.82865013238e-09	3.44116344309e-08
1.87021036266e-09	2.66931188264e-08
1.91177059294e-09	4.92935914309e-09
1.95333082323e-09	-2.42680044948e-08
1.99489105351e-09	-4.93092606746e-08
2.03645128379e-09	-5.79571555193e-08
2.07801151407e-09	-4.29459028339e-08
2.11957174435e-09	-6.28969498706e-09
2.16113197463e-09	3.98541324387e-08
2.20269220491e-09	7.69794112898e-08
2.2442524352e-09	8.74954722008e-08
2.28581266548e-09	6.27744043413e-08
2.32737289576e-09	8.27864354846e-09
2.36893312604e-09	-5.6910966606e-08
2.41049335632e-09	-1.06795702948e-07
2.4520535866e-09	-1.18891307466e-07
2.49361381688e-09	-8.42771115117e-08
2.53517404717e-09	-1.26450849791e-08
2.57673427745e-09	7.01861893049e-08
2.61829450773e-09	1.31854207552e-07
2.65985473801e-09	1.46431233361e-07
2.70141496829e-09	1.05376344095e-07
2.74297519857e-09	2.18482174574e-08
2.78453542885e-09	-7.37641414617e-08
2.82609565914e-09	-1.45339825508e-07
2.86765588942e-09	-1.6511266665e-07
2.9092161197e-09	-1.2451742748e-07
2.95077634998e-09	-3.76374984512e-08
2.99233658026e-09	6.41185664563e-08
3.03389681054e-09	1.43854748558e-07
3.07545704082e-09	1.72834688783e-07
3.11701727111e-09	1.40821200034e-07
3.15857750139e-09	5.94242663965e-08
3.20013773167e-09	-4.24709192259e-08
3.24169796195e-09	-1.29221021439e-07
3.28325819223e-09	-1.70940836597e-07
3.32481842251e-09	-1.536479175e-07
3.36637865279e-09	-8.37522975417e-08
3.40793888307e-09	1.44651535194e-08
3.44949911336e-09	1.0723908872e-07
3.49105934364e-09	1.62825614325e-07
3.53261957392e-09	1.62241533985e-07
3.5741798042e-09	1.057008987e-07
3.61574003448e-09	1.27210117995e-08
3.65730026476e-09	-8.44834531222e-08
3.69886049504e-09	-1.51962510131e-07
3.74042072533e-09	-1.6592669283e-07
3.78198095561e-09	-1.21271924058e-07
3.82354118589e-09	-3.37301848674e-08
3.86510141617e-09	6.54656417964e-08
3.90666164645e-09	1.40648978686e-07
3.94822187673e-09	1.64675711289e-07
3.98978210701e-09	1.28928888898e-07
4.0313423373e-09	4.66866509896e-08
4.07290256758e-09	-5.16753431157e-08
4.11446279786e-09	-1.29879794031e-07
4.15602302814e-09	-1.59300924452e-07
4.19758325842e-09	-1.29604217136e-07
4.2391434887e-09	-5.25691632447e-08
4.28070371898e-09	4.24990531656e-08
4.32226394927e-09	1.1992088389e-07
4.36382417955e-09	1.51156896777e-07
4.40538440983e-09	1.25443534671e-07
4.44694464011e-09	5.35749791197e-08
4.48850487039e-09	-3.65468508789e-08
4.53006510067e-09	-1.10742739423e-07
4.57162533095e-09	-1.41576862234e-07
