% time-domain current integration by openEMS v0.37.0-rc2-21-gd59e7e7 @Sat Sep 19 15:13:45 2026
% start-coordinates: (0.025,-0.0207802,0) m -> [41,16,22]
% stop-coordinates: (0.025,-0.01655,3.5e-05) m -> [41,21,23]
% t/s	current
6.11179857079e-14	-0
4.16213482671e-11	-0
8.31815785485e-11	-0
1.2474180883e-10	-3.1311764221e-28
1.66302039111e-10	-1.46031499316e-20
2.07862269393e-10	-2.48739377653e-16
2.49422499674e-10	-1.12515765544e-14
2.90982729956e-10	2.02347802414e-14
3.32542960237e-10	-1.14251996739e-14
3.74103190518e-10	-7.21710153662e-14
4.156634208e-10	-1.0133902181e-13
4.57223651081e-10	4.20429614517e-13
4.98783881363e-10	8.75233479442e-13
5.40344111644e-10	1.17031352057e-12
5.81904341925e-10	9.42008081782e-13
6.23464572207e-10	-4.31263775776e-14
6.65024802488e-10	-1.65298287211e-12
7.0658503277e-10	-3.42377948909e-12
7.48145263051e-10	-4.21457400229e-12
7.89705493332e-10	-3.10605924661e-12
8.31265723614e-10	5.11969589986e-13
8.72825953895e-10	6.0808155386e-12
9.14386184177e-10	1.15364480122e-11
9.55946414458e-10	1.3521255296e-11
9.97506644739e-10	9.0770255895e-12
1.03906687502e-09	-2.91430529882e-12
1.0806271053e-09	-1.97182582762e-11
1.12218733558e-09	-3.45218506559e-11
1.16374756586e-09	-3.81401195348e-11
1.20530779615e-09	-2.30931766765e-11
1.24686802643e-09	1.14990413025e-11
1.28842825671e-09	5.61172532054e-11
1.32998848699e-09	9.16179215826e-11
1.37154871727e-09	9.52575102131e-11
1.41310894755e-09	5.13901698973e-11
1.45466917783e-09	-3.69261947408e-11
1.49622940812e-09	-1.42015232907e-10
1.5377896384e-09	-2.16599321812e-10
1.57934986868e-09	-2.11325346111e-10
1.62091009896e-09	-9.96986659896e-11
1.66247032924e-09	1.00045416396e-10
1.70403055952e-09	3.18828241586e-10
1.7455907898e-09	4.5515183289e-10
1.78715102009e-09	4.16194856356e-10
1.82871125037e-09	1.67488259373e-10
1.87027148065e-09	-2.32620284146e-10
1.91183171093e-09	-6.35335839494e-10
1.95339194121e-09	-8.50040648981e-10
1.99495217149e-09	-7.26900484249e-10
2.03651240177e-09	-2.40186787126e-10
2.07807263206e-09	4.69263128355e-10
2.11963286234e-09	1.12356279836e-09
2.16119309262e-09	1.41054279368e-09
2.2027533229e-09	1.12502562821e-09
2.24431355318e-09	2.86860146748e-10
2.28587378346e-09	-8.26306578716e-10
2.32743401374e-09	-1.76302794586e-09
2.36899424403e-09	-2.07869987889e-09
2.41055447431e-09	-1.54158130705e-09
2.45211470459e-09	-2.69961469845e-10
2.49367493487e-09	1.27451915688e-09
2.53523516515e-09	2.45323850123e-09
2.57679539543e-09	2.71822342413e-09
2.61835562571e-09	1.8673671498e-09
2.659915856e-09	1.67263508599e-10
2.70147608628e-09	-1.7252379525e-09
2.74303631656e-09	-3.02376101935e-09
2.78459654684e-09	-3.14930215239e-09
2.82615677712e-09	-1.99477279139e-09
2.8677170074e-09	6.73902253445e-12
2.90927723768e-09	2.04990602271e-09
2.95083746797e-09	3.29426441681e-09
2.99239769825e-09	3.22412141429e-09
3.03395792853e-09	1.87135840157e-09
3.07551815881e-09	-1.99097252573e-10
3.11707838909e-09	-2.13446349484e-09
3.15863861937e-09	-3.15992254585e-09
3.20019884965e-09	-2.90207569087e-09
3.24175907993e-09	-1.52962909006e-09
3.28331931022e-09	3.43296641114e-10
3.3248795405e-09	1.93859484021e-09
3.36643977078e-09	2.64832666907e-09
3.40800000106e-09	2.27347207726e-09
3.44956023134e-09	1.07107112068e-09
3.49112046162e-09	-3.95182497837e-10
3.5326806919e-09	-1.51938828186e-09
3.57424092219e-09	-1.90779481102e-09
3.61580115247e-09	-1.51481183153e-09
3.65736138275e-09	-6.15426820616e-10
3.69892161303e-09	3.54047235973e-10
3.74048184331e-09	1.00125885361e-09
3.78204207359e-09	1.13381615208e-09
3.82360230387e-09	8.05625566258e-10
3.86516253416e-09	2.4966825829e-10
3.90672276444e-09	-2.55267085247e-10
3.94828299472e-09	-5.14016829101e-10
3.989843225e-09	-4.83617035307e-10
4.03140345528e-09	-2.60445748301e-10
4.07296368556e-09	-5.9016307466e-12
4.11452391584e-09	1.44133760482e-10
4.15608414613e-09	1.40674402682e-10
4.19764437641e-09	2.93369530058e-11
4.23920460669e-09	-9.0646809503e-11
4.28076483697e-09	-1.28725002879e-10
4.32232506725e-09	-5.27004689888e-11
4.36388529753e-09	9.7642463559e-11
4.40544552781e-09	2.36101665996e-10
4.4470057581e-09	2.78372658258e-10
4.48856598838e-09	1.87116377948e-10
4.53012621866e-09	-7.90964169162e-12
4.57168644894e-09	-2.23396995347e-10
