% time-domain current integration by openEMS v0.37.0-rc2-21-gd59e7e7 @Sat Sep 19 15:13:45 2026
% start-coordinates: (0.02375,-0.0207802,0) m -> [40,16,22]
% stop-coordinates: (0.02375,-0.01655,3.5e-05) m -> [40,21,23]
% t/s	current
6.11179857079e-14	-0
4.16213482671e-11	-0
8.31815785485e-11	-0
1.2474180883e-10	-3.56035729537e-27
1.66302039111e-10	-5.56139827578e-20
2.07862269393e-10	-5.19625490504e-16
2.49422499674e-10	-1.20574479356e-14
2.90982729956e-10	1.89557266097e-14
3.32542960237e-10	-8.03439888404e-15
3.74103190518e-10	-9.91818999434e-14
4.156634208e-10	-5.72658782373e-14
4.57223651081e-10	5.42520076172e-13
4.98783881363e-10	1.02209365103e-12
5.40344111644e-10	1.22820070086e-12
5.81904341925e-10	8.23378745827e-13
6.23464572207e-10	-3.48552892278e-13
6.65024802488e-10	-2.07997833367e-12
7.0658503277e-10	-3.80823671209e-12
7.48145263051e-10	-4.3286715358e-12
7.89705493332e-10	-2.63133070021e-12
8.31265723614e-10	1.61412983674e-12
8.72825953895e-10	7.52748297722e-12
9.14386184177e-10	1.27092667987e-11
9.55946414458e-10	1.35985363595e-11
9.97506644739e-10	7.40015774353e-12
1.03906687502e-09	-6.3062203029e-12
1.0806271053e-09	-2.38942615693e-11
1.12218733558e-09	-3.75924291696e-11
1.16374756586e-09	-3.78633652209e-11
1.20530779615e-09	-1.80051824145e-11
1.24686802643e-09	2.0883697549e-11
1.28842825671e-09	6.68034655371e-11
1.32998848699e-09	9.85252365804e-11
1.37154871727e-09	9.31282481687e-11
1.41310894755e-09	3.75500602834e-11
1.45466917783e-09	-6.00778524151e-11
1.49622940812e-09	-1.66270774926e-10
1.5377896384e-09	-2.30097579879e-10
1.57934986868e-09	-2.03290440037e-10
1.62091009896e-09	-6.65146965284e-11
1.66247032924e-09	1.50539997135e-10
1.70403055952e-09	3.67486957531e-10
1.7455907898e-09	4.77618000705e-10
1.78715102009e-09	3.93539395516e-10
1.82871125037e-09	9.73159539064e-11
1.87027148065e-09	-3.30191846087e-10
1.91183171093e-09	-7.21413262461e-10
1.95339194121e-09	-8.81074879722e-10
1.99495217149e-09	-6.74687250513e-10
2.03651240177e-09	-1.09298126105e-10
2.07807263206e-09	6.36141250787e-10
2.11963286234e-09	1.25756682845e-09
2.16119309262e-09	1.44390788215e-09
2.2027533229e-09	1.02325947715e-09
2.24431355318e-09	7.12124526014e-11
2.28587378346e-09	-1.07887265788e-09
2.32743401374e-09	-1.94619587113e-09
2.36899424403e-09	-2.1011836715e-09
2.41055447431e-09	-1.37116629162e-09
2.45211470459e-09	4.38031555472e-11
2.49367493487e-09	1.61243662866e-09
2.53523516515e-09	2.67212763028e-09
2.57679539543e-09	2.71255462536e-09
2.61835562571e-09	1.61991775549e-09
2.659915856e-09	-2.35716224317e-10
2.70147608628e-09	-2.1241801651e-09
2.74303631656e-09	-3.25098348242e-09
2.78459654684e-09	-3.10177439289e-09
2.82615677712e-09	-1.68191183203e-09
2.8677170074e-09	4.62964666603e-10
2.90927723768e-09	2.46439579854e-09
2.95083746797e-09	3.49699158519e-09
2.99239769825e-09	3.1328144523e-09
3.03395792853e-09	1.52636114858e-09
3.07551815881e-09	-6.53114340388e-10
3.11707838909e-09	-2.51156651032e-09
3.15863861937e-09	-3.31223848349e-09
3.20019884965e-09	-2.78013634336e-09
3.24175907993e-09	-1.198370847e-09
3.28331931022e-09	7.38097083453e-10
3.3248795405e-09	2.23612017791e-09
3.36643977078e-09	2.74033284953e-09
3.40800000106e-09	2.14444684232e-09
3.44956023134e-09	7.95866594849e-10
3.49112046162e-09	-6.91515622542e-10
3.5326806919e-09	-1.71865333076e-09
3.57424092219e-09	-1.94636839979e-09
3.61580115247e-09	-1.40250355773e-09
3.65736138275e-09	-4.20933288225e-10
3.69892161303e-09	5.40375411084e-10
3.74048184331e-09	1.10824505128e-09
3.78204207359e-09	1.13581410943e-09
3.82360230387e-09	7.24944437813e-10
3.86516253416e-09	1.3797306353e-10
3.90672276444e-09	-3.44931139207e-10
3.94828299472e-09	-5.50553047596e-10
3.989843225e-09	-4.668798681e-10
4.03140345528e-09	-2.14446377322e-10
4.07296368556e-09	3.79225921499e-11
4.11452391584e-09	1.63760380256e-10
4.15608414613e-09	1.32603816816e-10
4.19764437641e-09	6.74997037431e-12
4.23920460669e-09	-1.07983830211e-10
4.28076483697e-09	-1.26530758093e-10
4.32232506725e-09	-2.99721671093e-11
4.36388529753e-09	1.28857091664e-10
4.40544552781e-09	2.57776688883e-10
4.4470057581e-09	2.76433903545e-10
4.48856598838e-09	1.5902607009e-10
4.53012621866e-09	-5.15471311469e-11
4.57168644894e-09	-2.63680161039e-10
