% time-domain current integration by openEMS v0.37.0-rc2-21-gd59e7e7 @Sat Sep 19 15:13:45 2026
% start-coordinates: (-0.0263653,-0.0207802,0) m -> [5,16,22]
% stop-coordinates: (-0.0263653,-0.01655,3.5e-05) m -> [5,21,23]
% t/s	current
6.11179857079e-14	0
4.16213482671e-11	1.3458034871e-13
8.31815785485e-11	4.82291479973e-14
1.2474180883e-10	-4.510835878e-13
1.66302039111e-10	-1.1914557882e-12
2.07862269393e-10	-1.7472906802e-12
2.49422499674e-10	-1.72892733116e-12
2.90982729956e-10	-3.50162986714e-13
3.32542960237e-10	1.79053787856e-12
3.74103190518e-10	4.36164385859e-12
4.156634208e-10	6.16167923975e-12
4.57223651081e-10	5.47723194924e-12
4.98783881363e-10	1.03219830686e-12
5.40344111644e-10	-6.66027823171e-12
5.81904341925e-10	-1.50512397684e-11
6.23464572207e-10	-1.97516933365e-11
6.65024802488e-10	-1.60939317428e-11
7.0658503277e-10	-1.51098317885e-12
7.48145263051e-10	2.17529258495e-11
7.89705493332e-10	4.53409462753e-11
8.31265723614e-10	5.63920680985e-11
8.72825953895e-10	4.26426810529e-11
9.14386184177e-10	-3.33969505696e-13
9.55946414458e-10	-6.31684565766e-11
9.97506644739e-10	-1.21387844221e-10
1.03906687502e-09	-1.42375916612e-10
1.0806271053e-09	-9.93373161506e-11
1.12218733558e-09	1.207403795e-11
1.16374756586e-09	1.62001384529e-10
1.20530779615e-09	2.89018642352e-10
1.24686802643e-09	3.20238224827e-10
1.28842825671e-09	2.05098910078e-10
1.32998848699e-09	-5.07678551975e-11
1.37154871727e-09	-3.68634123227e-10
1.41310894755e-09	-6.12833561675e-10
1.45466917783e-09	-6.41189601414e-10
1.49622940812e-09	-3.74306585726e-10
1.5377896384e-09	1.4623922906e-10
1.57934986868e-09	7.4383355031e-10
1.62091009896e-09	1.15664422484e-09
1.66247032924e-09	1.14296871967e-09
1.70403055952e-09	6.03662841936e-10
1.7455907898e-09	-3.35661332063e-10
1.78715102009e-09	-1.33283273307e-09
1.82871125037e-09	-1.94451343916e-09
1.87027148065e-09	-1.81449455461e-09
1.91183171093e-09	-8.58347060095e-10
1.95339194121e-09	6.45972331181e-10
1.99495217149e-09	2.12264583688e-09
2.03651240177e-09	2.91344948167e-09
2.07807263206e-09	2.56667043175e-09
2.11963286234e-09	1.07352626788e-09
2.16119309262e-09	-1.06698128111e-09
2.2027533229e-09	-3.00787994512e-09
2.24431355318e-09	-3.89269683154e-09
2.28587378346e-09	-3.23611915043e-09
2.32743401374e-09	-1.1757870233e-09
2.36899424403e-09	1.5325762881e-09
2.41055447431e-09	3.79687037366e-09
2.45211470459e-09	4.64139748857e-09
2.49367493487e-09	3.63762531208e-09
2.53523516515e-09	1.11825937399e-09
2.57679539543e-09	-1.93217397637e-09
2.61835562571e-09	-4.27587254492e-09
2.659915856e-09	-4.94218399538e-09
2.70147608628e-09	-3.64407348741e-09
2.74303631656e-09	-9.05863051237e-10
2.78459654684e-09	2.15624718081e-09
2.82615677712e-09	4.30557012265e-09
2.8677170074e-09	4.70299355015e-09
2.90927723768e-09	3.24678284258e-09
2.95083746797e-09	5.9185084611e-10
2.99239769825e-09	-2.15021889183e-09
3.03395792853e-09	-3.88904553006e-09
3.07551815881e-09	-4.00174560156e-09
3.11707838909e-09	-2.55921994707e-09
3.15863861937e-09	-2.50875487051e-10
3.20019884965e-09	1.94224436534e-09
3.24175907993e-09	3.16957993185e-09
3.28331931022e-09	3.04475356039e-09
3.3248795405e-09	1.75867975738e-09
3.36643977078e-09	-5.47369267967e-11
3.40800000106e-09	-1.62112123725e-09
3.44956023134e-09	-2.35382291436e-09
3.49112046162e-09	-2.0694044256e-09
3.5326806919e-09	-1.01363317739e-09
3.57424092219e-09	2.90126561664e-10
3.61580115247e-09	1.28768851138e-09
3.65736138275e-09	1.62193580788e-09
3.69892161303e-09	1.25232957338e-09
3.74048184331e-09	4.28979018974e-10
3.78204207359e-09	-4.47442888296e-10
3.82360230387e-09	-1.00978314599e-09
3.86516253416e-09	-1.0691805219e-09
3.90672276444e-09	-6.68964605932e-10
3.94828299472e-09	-3.62513005725e-11
3.989843225e-09	5.34389865692e-10
4.03140345528e-09	8.09837308324e-10
4.07296368556e-09	7.06845082465e-10
4.11452391584e-09	3.08379821679e-10
4.15608414613e-09	-1.888947887e-10
4.19764437641e-09	-5.66993063611e-10
4.23920460669e-09	-6.77432332452e-10
4.28076483697e-09	-4.94483176627e-10
4.32232506725e-09	-1.14192190426e-10
4.36388529753e-09	2.94572949366e-10
4.40544552781e-09	5.63402546838e-10
4.4470057581e-09	5.91175719489e-10
4.48856598838e-09	3.79043851861e-10
4.53012621866e-09	2.31347128954e-11
4.57168644894e-09	-3.29224397744e-10
