% time-domain current integration by openEMS v0.37.0-rc2-21-gd59e7e7 @Sat Sep 19 15:13:45 2026
% start-coordinates: (-0.025,-0.0207802,0) m -> [6,16,22]
% stop-coordinates: (-0.025,-0.01655,3.5e-05) m -> [6,21,23]
% t/s	current
6.11179857079e-14	0
4.16213482671e-11	3.9178268919e-14
8.31815785485e-11	1.51181584612e-13
1.2474180883e-10	-3.01729344634e-13
1.66302039111e-10	-1.00853787127e-12
2.07862269393e-10	-1.63460239268e-12
2.49422499674e-10	-1.79276450456e-12
2.90982729956e-10	-7.0133482355e-13
3.32542960237e-10	1.25199677015e-12
3.74103190518e-10	3.77384278341e-12
4.156634208e-10	5.83501953352e-12
4.57223651081e-10	5.79458009353e-12
4.98783881363e-10	2.24734206938e-12
5.40344111644e-10	-4.786929967e-12
5.81904341925e-10	-1.32778579798e-11
6.23464572207e-10	-1.9086373107e-11
6.65024802488e-10	-1.74458850144e-11
7.0658503277e-10	-5.30150576217e-12
7.48145263051e-10	1.63214997073e-11
7.89705493332e-10	4.04278104049e-11
8.31265723614e-10	5.50085081652e-11
8.72825953895e-10	4.72921909966e-11
9.14386184177e-10	1.05818522347e-11
9.55946414458e-10	-4.89395260428e-11
9.97506644739e-10	-1.09939425619e-10
1.03906687502e-09	-1.40843225971e-10
1.0806271053e-09	-1.12663517404e-10
1.12218733558e-09	-1.52814115528e-11
1.16374756586e-09	1.29180388608e-10
1.20530779615e-09	2.65348382156e-10
1.24686802643e-09	3.21019710814e-10
1.28842825671e-09	2.38526254304e-10
1.32998848699e-09	9.8704724949e-12
1.37154871727e-09	-3.01732722141e-10
1.41310894755e-09	-5.70448632775e-10
1.45466917783e-09	-6.51379394867e-10
1.49622940812e-09	-4.47528264447e-10
1.5377896384e-09	2.74123380245e-11
1.57934986868e-09	6.2365074216e-10
1.62091009896e-09	1.09148712291e-09
1.66247032924e-09	1.17687559698e-09
1.70403055952e-09	7.44004968745e-10
1.7455907898e-09	-1.30061239556e-10
1.78715102009e-09	-1.14265863438e-09
1.82871125037e-09	-1.85971194e-09
1.87027148065e-09	-1.89350313207e-09
1.91183171093e-09	-1.09468656362e-09
1.95339194121e-09	3.3191724369e-10
1.99495217149e-09	1.85855775214e-09
2.03651240177e-09	2.82347034641e-09
2.07807263206e-09	2.7139048786e-09
2.11963286234e-09	1.42312650553e-09
2.16119309262e-09	-6.43963160574e-10
2.2027533229e-09	-2.68681010773e-09
2.24431355318e-09	-3.82125264764e-09
2.28587378346e-09	-3.46564776876e-09
2.32743401374e-09	-1.6306200834e-09
2.36899424403e-09	1.03077146818e-09
2.41055447431e-09	3.45697914739e-09
2.45211470459e-09	4.61283589104e-09
2.49367493487e-09	3.94269861204e-09
2.53523516515e-09	1.63822644339e-09
2.57679539543e-09	-1.40905653812e-09
2.61835562571e-09	-3.96451538265e-09
2.659915856e-09	-4.96870189437e-09
2.70147608628e-09	-3.99262312101e-09
2.74303631656e-09	-1.42734912778e-09
2.78459654684e-09	1.67799563133e-09
2.82615677712e-09	4.06066424929e-09
2.8677170074e-09	4.77691930456e-09
2.90927723768e-09	3.59001028905e-09
2.95083746797e-09	1.04905328868e-09
2.99239769825e-09	-1.76820635911e-09
3.03395792853e-09	-3.72488151434e-09
3.07551815881e-09	-4.09724787431e-09
3.11707838909e-09	-2.84853940435e-09
3.15863861937e-09	-5.99014560176e-10
3.20019884965e-09	1.67618863234e-09
3.24175907993e-09	3.07486347495e-09
3.28331931022e-09	3.13067927138e-09
3.3248795405e-09	1.96337834879e-09
3.36643977078e-09	1.71981734409e-10
3.40800000106e-09	-1.45940903806e-09
3.44956023134e-09	-2.30214980412e-09
3.49112046162e-09	-2.1220749602e-09
3.5326806919e-09	-1.12801623597e-09
3.57424092219e-09	1.68319469473e-10
3.61580115247e-09	1.20039189699e-09
3.65736138275e-09	1.58660173888e-09
3.69892161303e-09	1.26323862482e-09
3.74048184331e-09	4.67923422232e-10
3.78204207359e-09	-3.99436678178e-10
3.82360230387e-09	-9.65091340177e-10
3.86516253416e-09	-1.03298836152e-09
3.90672276444e-09	-6.43118558408e-10
3.94828299472e-09	-2.35800424325e-11
3.989843225e-09	5.2935622552e-10
4.03140345528e-09	7.84144249533e-10
4.07296368556e-09	6.63343990848e-10
4.11452391584e-09	2.57839305462e-10
4.15608414613e-09	-2.29895297243e-10
4.19764437641e-09	-5.82177583919e-10
4.23920460669e-09	-6.58190835168e-10
4.28076483697e-09	-4.44906916863e-10
4.32232506725e-09	-5.10730728542e-11
4.36388529753e-09	3.47767176168e-10
4.40544552781e-09	5.85800741248e-10
4.4470057581e-09	5.73250780178e-10
4.48856598838e-09	3.26903337733e-10
4.53012621866e-09	-4.36516066349e-11
4.57168644894e-09	-3.85162235439e-10
