% time-domain current integration by openEMS v0.37.0-rc2-21-gd59e7e7 @Sat Sep 19 15:14:53 2026
% start-coordinates: (-0.0225,-0.0213937,0) m -> [8,15,22]
% stop-coordinates: (-0.0225,-0.01655,3.5e-05) m -> [8,18,23]
% t/s	current
4.01855914698e-14	0
4.16724583541e-11	1.27850549548e-15
8.33047311168e-11	3.8767546031e-13
1.24937003879e-10	-6.33581322173e-14
1.66569276642e-10	-8.04911692853e-13
2.08201549405e-10	-1.52441319116e-12
2.49833822167e-10	-1.86558320875e-12
2.9146609493e-10	-1.01797932063e-12
3.33098367693e-10	6.8752122051e-13
3.74730640455e-10	3.26823724334e-12
4.16362913218e-10	5.49701950625e-12
4.57995185981e-10	5.71231386845e-12
4.99627458743e-10	2.65101742641e-12
5.41259731506e-10	-3.94239935836e-12
5.82892004269e-10	-1.2150917425e-11
6.24524277032e-10	-1.81944320721e-11
6.66156549794e-10	-1.72901120504e-11
7.07788822557e-10	-6.08609690422e-12
7.4942109532e-10	1.46253356648e-11
7.91053368082e-10	3.82135365018e-11
8.32685640845e-10	5.2843781434e-11
8.74317913608e-10	4.60316437745e-11
9.1595018637e-10	1.08324009485e-11
9.57582459133e-10	-4.6653646224e-11
9.99214731896e-10	-1.05791535254e-10
1.04084700466e-09	-1.35533390067e-10
1.08247927742e-09	-1.0704905018e-10
1.12411155018e-09	-1.08148125871e-11
1.16574382295e-09	1.30462696202e-10
1.20737609571e-09	2.60707927469e-10
1.24900836847e-09	3.082870903e-10
1.29064064123e-09	2.18000131835e-10
1.332272914e-09	-1.38985125492e-11
1.37390518676e-09	-3.1899552444e-10
1.41553745952e-09	-5.68578795157e-10
1.45716973228e-09	-6.19753026676e-10
1.49880200505e-09	-3.85192877594e-10
1.54043427781e-09	1.05348722801e-10
1.58206655057e-09	6.85747292284e-10
1.62369882334e-09	1.0986270782e-09
1.6653310961e-09	1.10009967802e-09
1.70696336886e-09	5.84534531889e-10
1.74859564162e-09	-3.27937899058e-10
1.79022791439e-09	-1.29699972984e-09
1.83186018715e-09	-1.87885151881e-09
1.87349245991e-09	-1.71973590923e-09
1.91512473267e-09	-7.46234518623e-10
1.95675700544e-09	7.44941774933e-10
1.9983892782e-09	2.16016760035e-09
2.04002155096e-09	2.8398186025e-09
2.08165382372e-09	2.3601800514e-09
2.12328609649e-09	7.69150354518e-10
2.16491836925e-09	-1.36845290655e-09
2.20655064201e-09	-3.1656042232e-09
2.24818291478e-09	-3.78437725601e-09
2.28981518754e-09	-2.82891310377e-09
2.3314474603e-09	-5.72202729643e-10
2.37307973306e-09	2.10651207588e-09
2.41471200583e-09	4.07171363292e-09
2.45634427859e-09	4.42750724972e-09
2.49797655135e-09	2.9366193921e-09
2.53960882411e-09	1.61625074435e-10
2.58124109688e-09	-2.75264255833e-09
2.62287336964e-09	-4.57030679968e-09
2.6645056424e-09	-4.51100667931e-09
2.70613791516e-09	-2.60071675307e-09
2.74777018793e-09	3.37742916967e-10
2.78940246069e-09	3.05306713244e-09
2.83103473345e-09	4.42192193972e-09
2.87266700622e-09	3.9371150784e-09
2.91429927898e-09	1.90491911134e-09
2.95593155174e-09	-7.28685722873e-10
2.9975638245e-09	-2.82976486687e-09
3.03919609727e-09	-3.58487506347e-09
3.08082837003e-09	-2.83026913017e-09
3.12246064279e-09	-1.06339514971e-09
3.16409291555e-09	8.45727710086e-10
3.20572518832e-09	2.08339745456e-09
3.24735746108e-09	2.24926721692e-09
3.28898973384e-09	1.4807639559e-09
3.3306220066e-09	3.102078594e-10
3.37225427937e-09	-6.46843634211e-10
3.41388655213e-09	-1.0021304897e-09
3.45551882489e-09	-7.49862838489e-10
3.49715109766e-09	-2.06855699236e-10
3.53878337042e-09	2.08534314816e-10
3.58041564318e-09	2.26366245193e-10
3.62204791594e-09	-1.31782640356e-10
3.66368018871e-09	-5.84784332069e-10
3.70531246147e-09	-7.71530839216e-10
3.74694473423e-09	-4.72035521781e-10
3.78857700699e-09	2.51278775565e-10
3.83020927976e-09	1.06917863452e-09
3.87184155252e-09	1.54881751868e-09
3.91347382528e-09	1.37984079718e-09
3.95510609805e-09	5.47060174938e-10
