% time-domain voltage integration by openEMS v0.37.0-rc2-21-gd59e7e7 @Sat Sep 19 15:14:53 2026
% start-coordinates: (0,-0.00925,3.5e-05) m -> [26,25,23]
% stop-coordinates: (0,-0.00925,-0.0016) m -> [26,25,21]
% t/s	voltage
0	0
4.16322727627e-11	0
8.32645455253e-11	-3.77852106814e-24
1.24896818288e-10	-3.58343667553e-16
1.66529091051e-10	-1.67351497785e-13
2.08161363813e-10	1.61906545029e-12
2.49793636576e-10	2.25413212401e-11
2.91425909339e-10	-1.26337299997e-11
3.33058182101e-10	-6.85712528425e-11
3.74690454864e-10	-9.0712277967e-11
4.16322727627e-10	-7.95617738358e-11
4.57955000389e-10	-3.13796840075e-12
4.99587273152e-10	1.1547706541e-10
5.41219545915e-10	2.59205767961e-10
5.82851818677e-10	3.15892451086e-10
6.2448409144e-10	2.37004887937e-10
6.66116364203e-10	-2.67099502238e-11
7.07748636965e-10	-4.69233152334e-10
7.49380909728e-10	-8.53446646687e-10
7.91013182491e-10	-1.04865849337e-09
8.32645455253e-10	-7.16789794186e-10
8.74277728016e-10	1.84346093945e-10
9.15910000779e-10	1.47970535824e-09
9.57542273541e-10	2.64575938935e-09
9.99174546304e-10	2.94123081446e-09
1.04080681907e-09	1.79922277077e-09
1.08243909183e-09	-8.74858296918e-10
1.12407136459e-09	-4.34308899955e-09
1.16570363735e-09	-7.12244041523e-09
1.20733591012e-09	-7.4195987132e-09
1.24896818288e-09	-3.9820626796e-09
1.29060045564e-09	2.95554980489e-09
1.33223272841e-09	1.12068194724e-08
1.37386500117e-09	1.70440088709e-08
1.41549727393e-09	1.65682578768e-08
1.45712954669e-09	7.67792940337e-09
1.49876181946e-09	-8.20922529954e-09
1.54039409222e-09	-2.55553214146e-08
1.58202636498e-09	-3.63186742902e-08
1.62365863774e-09	-3.30689395867e-08
1.66529091051e-09	-1.30636772511e-08
1.70692318327e-09	1.91019537965e-08
1.74855545603e-09	5.15477758256e-08
1.79018772879e-09	6.89950852006e-08
1.83182000156e-09	5.92639288755e-08
1.87345227432e-09	1.99873859685e-08
1.91508454708e-09	-3.78695155234e-08
1.95671681985e-09	-9.21499605511e-08
1.99834909261e-09	-1.17420555057e-07
2.03998136537e-09	-9.61624593288e-08
2.08161363813e-09	-2.85364087915e-08
2.1232459109e-09	6.43928501631e-08
2.16487818366e-09	1.46422166836e-07
2.20651045642e-09	1.80012193596e-07
2.24814272918e-09	1.42880253406e-07
2.28977500195e-09	4.0134775503e-08
2.33140727471e-09	-9.40575120012e-08
2.37303954747e-09	-2.07576505318e-07
2.41467182023e-09	-2.50587021355e-07
2.456304093e-09	-1.97129793378e-07
2.49793636576e-09	-5.85530663955e-08
2.53956863852e-09	1.17579126879e-07
2.58120091129e-09	2.64062180122e-07
2.62283318405e-09	3.20042062185e-07
2.66446545681e-09	2.56220431538e-07
2.70609772957e-09	8.87845246211e-08
2.74773000234e-09	-1.24308783711e-07
2.7893622751e-09	-3.03893415321e-07
2.83099454786e-09	-3.79531741146e-07
2.87262682062e-09	-3.17165699926e-07
2.91425909339e-09	-1.3365530549e-07
2.95589136615e-09	1.07736113364e-07
2.99752363891e-09	3.19694123618e-07
3.03915591167e-09	4.2281885726e-07
3.08078818444e-09	3.75463230284e-07
3.1224204572e-09	1.90173949477e-07
3.16405272996e-09	-6.94790216471e-08
3.20568500273e-09	-3.1103544984e-07
3.24731727549e-09	-4.46363884521e-07
3.28894954825e-09	-4.24019702905e-07
3.33058182101e-09	-2.48899311828e-07
3.37221409378e-09	1.83943900112e-08
3.41384636654e-09	2.82634005089e-07
3.4554786393e-09	4.48273340226e-07
3.49711091206e-09	4.54452191434e-07
3.53874318483e-09	2.97829302554e-07
3.58037545759e-09	3.43529400482e-08
3.62200773035e-09	-2.40799153062e-07
3.66364000311e-09	-4.28199768976e-07
3.70527227588e-09	-4.60693485138e-07
3.74690454864e-09	-3.28047121911e-07
3.7885368214e-09	-8.03071529276e-08
3.83016909417e-09	1.91296550156e-07
3.87180136693e-09	3.88491912418e-07
3.91343363969e-09	4.42164008518e-07
3.95506591245e-09	3.36937091561e-07
