% time-domain voltage integration by openEMS v0.37.0-rc2-21-gd59e7e7 @Sat Sep 19 15:14:53 2026
% start-coordinates: (-0.0225,-0.0177583,3.5e-05) m -> [8,17,23]
% stop-coordinates: (-0.0225,-0.0177583,-0.0016) m -> [8,17,21]
% t/s	voltage
0	0
4.16322727627e-11	2.16645549157e-13
8.32645455253e-11	5.67291040532e-11
1.24896818288e-10	-8.95838785098e-12
1.66529091051e-10	-1.07947283057e-10
2.08161363813e-10	-1.99033414749e-10
2.49793636576e-10	-2.33878943989e-10
2.91425909339e-10	-1.76821127185e-10
3.33058182101e-10	4.31391138089e-11
3.74690454864e-10	4.27331336983e-10
4.16322727627e-10	7.37517658056e-10
4.57955000389e-10	8.60401638825e-10
4.99587273152e-10	6.33751717771e-10
5.41219545915e-10	-1.75653908085e-10
5.82851818677e-10	-1.30242816532e-09
6.2448409144e-10	-2.37815189763e-09
6.66116364203e-10	-2.73140643436e-09
7.07748636965e-10	-1.76132741725e-09
7.49380909728e-10	7.18239967501e-10
7.91013182491e-10	4.12046174958e-09
8.32645455253e-10	7.00990865354e-09
8.74277728016e-10	7.62907337304e-09
9.15910000779e-10	4.48908910045e-09
9.57542273541e-10	-2.54368592856e-09
9.99174546304e-10	-1.14486091718e-08
1.04080681907e-09	-1.84393620373e-08
1.08243909183e-09	-1.89919688864e-08
1.12407136459e-09	-1.01585531098e-08
1.16570363735e-09	7.39693728491e-09
1.20733591012e-09	2.81831589177e-08
1.24896818288e-09	4.29689102077e-08
1.29060045564e-09	4.21506491932e-08
1.33223272841e-09	2.05103916073e-08
1.37386500117e-09	-1.84750525989e-08
1.41549727393e-09	-6.15853252839e-08
1.45712954669e-09	-8.9269299508e-08
1.49876181946e-09	-8.3459795519e-08
1.54039409222e-09	-3.69447121784e-08
1.58202636498e-09	3.99605895041e-08
1.62365863774e-09	1.19488191785e-07
1.66529091051e-09	1.65290245491e-07
1.70692318327e-09	1.47677411633e-07
1.74855545603e-09	5.94288742661e-08
1.79018772879e-09	-7.54889342147e-08
1.83182000156e-09	-2.06257524837e-07
1.87345227432e-09	-2.73200413403e-07
1.91508454708e-09	-2.3379423908e-07
1.95671681985e-09	-8.55603445871e-08
1.99834909261e-09	1.25483865077e-07
2.03998136537e-09	3.17404129646e-07
2.08161363813e-09	4.03691302608e-07
2.1232459109e-09	3.3147463796e-07
2.16487818366e-09	1.10021979083e-07
2.20651045642e-09	-1.84992600794e-07
2.24814272918e-09	-4.36832749529e-07
2.28977500195e-09	-5.34292439625e-07
2.33140727471e-09	-4.20999441531e-07
2.37303954747e-09	-1.25315963828e-07
2.41467182023e-09	2.44405214289e-07
2.456304093e-09	5.40106611879e-07
2.49793636576e-09	6.34933996935e-07
2.53956863852e-09	4.78573667806e-07
2.58120091129e-09	1.23228247162e-07
2.62283318405e-09	-2.93691357456e-07
2.66446545681e-09	-6.04224055678e-07
2.70609772957e-09	-6.79531979131e-07
2.74773000234e-09	-4.85184102672e-07
2.7893622751e-09	-9.72871561089e-08
2.83099454786e-09	3.27714190007e-07
2.87262682062e-09	6.17949638126e-07
2.91425909339e-09	6.57624639189e-07
2.95589136615e-09	4.34876795907e-07
2.99752363891e-09	4.55779733954e-08
3.03915591167e-09	-3.48172108033e-07
3.08078818444e-09	-5.86595547247e-07
3.1224204572e-09	-5.78741662594e-07
3.16405272996e-09	-3.37907323456e-07
3.20568500273e-09	2.71274096519e-08
3.24731727549e-09	3.60858905424e-07
3.28894954825e-09	5.27558427166e-07
3.33058182101e-09	4.67155672368e-07
3.37221409378e-09	2.16749981519e-07
3.41384636654e-09	-1.09236573564e-07
3.4554786393e-09	-3.70394047877e-07
3.49711091206e-09	-4.6062834258e-07
3.53874318483e-09	-3.50832124241e-07
3.58037545759e-09	-9.73719309627e-08
3.62200773035e-09	1.8566392157e-07
3.66364000311e-09	3.7705115119e-07
3.70527227588e-09	3.99733920631e-07
3.74690454864e-09	2.51053393185e-07
3.7885368214e-09	3.1172192605e-10
3.83016909417e-09	-2.43143716716e-07
3.87180136693e-09	-3.7739314962e-07
3.91343363969e-09	-3.49971998048e-07
3.95506591245e-09	-1.77415316216e-07
