% time-domain current integration by openEMS v0.37.0-rc2-21-gd59e7e7 @Sat Sep 19 15:14:53 2026
% start-coordinates: (-0.00394875,-0.00925,0) m -> [24,25,22]
% stop-coordinates: (0.00195,-0.00925,3.5e-05) m -> [27,25,23]
% t/s	current
4.01855914698e-14	0
4.16724583541e-11	0
8.33047311168e-11	1.24832580816e-22
1.24937003879e-10	9.66238540899e-16
1.66569276642e-10	1.77096598291e-14
2.08201549405e-10	-3.39683717013e-15
2.49833822167e-10	5.91342880763e-15
2.9146609493e-10	-5.14379154776e-14
3.33098367693e-10	-2.53167875119e-13
3.74730640455e-10	-2.77627042449e-13
4.16362913218e-10	-2.99393702104e-13
4.57995185981e-10	-1.06306687086e-13
4.99627458743e-10	2.87064127894e-13
5.41259731506e-10	8.10937254847e-13
5.82892004269e-10	1.20860960129e-12
6.24524277032e-10	1.07764047252e-12
6.66156549794e-10	2.90067286596e-13
7.07788822557e-10	-1.20043450007e-12
7.4942109532e-10	-2.88921642687e-12
7.91053368082e-10	-3.82871035223e-12
8.32685640845e-10	-3.25336394109e-12
8.74317913608e-10	-5.21693528221e-13
9.1595018637e-10	4.00831017683e-12
9.57582459133e-10	8.65894855817e-12
9.99214731896e-10	1.11124460328e-11
1.04084700466e-09	8.72887005732e-12
1.08247927742e-09	6.28800722428e-13
1.12411155018e-09	-1.17341058745e-11
1.16574382295e-09	-2.35549357797e-11
1.20737609571e-09	-2.84034774867e-11
1.24900836847e-09	-2.07189560647e-11
1.29064064123e-09	7.96661619052e-13
1.332272914e-09	3.05957793822e-11
1.37390518676e-09	5.67960678488e-11
1.41553745952e-09	6.46028647244e-11
1.45716973228e-09	4.3246500131e-11
1.49880200505e-09	-6.94512676536e-12
1.54043427781e-09	-7.10086711653e-11
1.58206655057e-09	-1.21879353832e-10
1.62369882334e-09	-1.30383856489e-10
1.6653310961e-09	-7.91581938886e-11
1.70696336886e-09	2.47132626863e-11
1.74859564162e-09	1.46376605281e-10
1.79022791439e-09	2.32590890992e-10
1.83186018715e-09	2.33127822602e-10
1.87349245991e-09	1.26135754619e-10
1.91512473267e-09	-6.41284386704e-11
1.95675700544e-09	-2.68072009035e-10
1.9983892782e-09	-3.9431519161e-10
2.04002155096e-09	-3.68572644627e-10
2.08165382372e-09	-1.72779776597e-10
2.12328609649e-09	1.35553721026e-10
2.16491836925e-09	4.36535113613e-10
2.20655064201e-09	5.93413984618e-10
2.24818291478e-09	5.13636799759e-10
2.28981518754e-09	1.98740496282e-10
2.3314474603e-09	-2.43042114212e-10
2.37307973306e-09	-6.32245256149e-10
2.41471200583e-09	-7.91733845151e-10
2.45634427859e-09	-6.27842555723e-10
2.49797655135e-09	-1.8157494952e-10
2.53960882411e-09	3.77087694403e-10
2.58124109688e-09	8.14835643403e-10
2.62287336964e-09	9.3489194164e-10
2.6645056424e-09	6.67678412558e-10
2.70613791516e-09	1.09293851747e-10
2.74777018793e-09	-5.12847431189e-10
2.78940246069e-09	-9.35452937334e-10
2.83103473345e-09	-9.74501701556e-10
2.87266700622e-09	-6.08446570904e-10
2.91429927898e-09	9.61507783115e-12
2.95593155174e-09	6.17388418167e-10
2.9975638245e-09	9.5816243828e-10
3.03919609727e-09	8.93043083927e-10
3.08082837003e-09	4.59851212664e-10
3.12246064279e-09	-1.46727976991e-10
3.16409291555e-09	-6.64138022355e-10
3.20572518832e-09	-8.78237926827e-10
3.24735746108e-09	-7.14379000399e-10
3.28898973384e-09	-2.63389476896e-10
3.3306220066e-09	2.6627366978e-10
3.37225427937e-09	6.45278330769e-10
3.41388655213e-09	7.23976378847e-10
3.45551882489e-09	4.91768681332e-10
3.49715109766e-09	7.19655030013e-11
3.53878337042e-09	-3.41547068405e-10
3.58041564318e-09	-5.73431413464e-10
3.62204791594e-09	-5.40944400385e-10
3.66368018871e-09	-2.81630829768e-10
3.70531246147e-09	7.33746952086e-11
3.74694473423e-09	3.64057617386e-10
3.78857700699e-09	4.72900829607e-10
3.83020927976e-09	3.7088609961e-10
3.87184155252e-09	1.21376325657e-10
3.91347382528e-09	-1.56085672165e-10
3.95510609805e-09	-3.42054967684e-10
