% time-domain current integration by openEMS v0.37.0-rc2-21-gd59e7e7 @Sat Sep 19 15:14:53 2026
% start-coordinates: (-0.00394875,-0.0105479,0) m -> [24,24,22]
% stop-coordinates: (0.00195,-0.0105479,3.5e-05) m -> [27,24,23]
% t/s	current
4.01855914698e-14	0
4.16724583541e-11	0
8.33047311168e-11	1.35397137326e-21
1.24937003879e-10	1.14181385955e-15
1.66569276642e-10	1.59971015113e-14
2.08201549405e-10	-3.69467767131e-15
2.49833822167e-10	8.63415648656e-14
2.9146609493e-10	-2.68660605779e-14
3.33098367693e-10	-4.96289207647e-13
3.74730640455e-10	-7.80476486391e-13
4.16362913218e-10	-9.02746790082e-13
4.57995185981e-10	-5.64083718971e-13
4.99627458743e-10	3.97541320609e-13
5.41259731506e-10	1.74728851179e-12
5.82892004269e-10	3.01207734969e-12
6.24524277032e-10	3.21821388982e-12
6.66156549794e-10	1.77213430562e-12
7.07788822557e-10	-1.67396001574e-12
7.4942109532e-10	-6.2410944468e-12
7.91053368082e-10	-9.74210555976e-12
8.32685640845e-10	-9.8255154013e-12
8.74317913608e-10	-4.44133705507e-12
9.1595018637e-10	6.34222448864e-12
9.57582459133e-10	1.93261431164e-11
9.99214731896e-10	2.85625273433e-11
1.04084700466e-09	2.68203185355e-11
1.08247927742e-09	9.93465726351e-12
1.12411155018e-09	-2.0233637682e-11
1.16574382295e-09	-5.3584265497e-11
1.20737609571e-09	-7.38060862426e-11
1.24900836847e-09	-6.45854481007e-11
1.29064064123e-09	-1.82986473196e-11
1.332272914e-09	5.60019600138e-11
1.37390518676e-09	1.31326532982e-10
1.41553745952e-09	1.69481040313e-10
1.45716973228e-09	1.37354280727e-10
1.49880200505e-09	2.61132504509e-11
1.54043427781e-09	-1.36020958386e-10
1.58206655057e-09	-2.85482359974e-10
1.62369882334e-09	-3.44747425052e-10
1.6653310961e-09	-2.56938109677e-10
1.70696336886e-09	-2.12150696316e-11
1.74859564162e-09	2.90779345047e-10
1.79022791439e-09	5.50384349207e-10
1.83186018715e-09	6.2049432259e-10
1.87349245991e-09	4.20687623626e-10
1.91512473267e-09	-1.93140607674e-11
1.95675700544e-09	-5.48338985329e-10
1.9983892782e-09	-9.40115207904e-10
2.04002155096e-09	-9.85880266313e-10
2.08165382372e-09	-5.97876859132e-10
2.12328609649e-09	1.25687196761e-10
2.16491836925e-09	9.13910336298e-10
2.20655064201e-09	1.42129019665e-09
2.24818291478e-09	1.3778004293e-09
2.28981518754e-09	7.26416926611e-10
2.3314474603e-09	-3.21263599057e-10
2.37307973306e-09	-1.34771727112e-09
2.41471200583e-09	-1.89775839488e-09
2.45634427859e-09	-1.68299862935e-09
2.49797655135e-09	-7.30251026315e-10
2.53960882411e-09	6.01957428348e-10
2.58124109688e-09	1.7597098223e-09
2.62287336964e-09	2.23023643997e-09
2.6645056424e-09	1.77615633312e-09
2.70613791516e-09	5.57260682044e-10
2.74777018793e-09	-9.23832621513e-10
2.78940246069e-09	-2.03431738122e-09
2.83103473345e-09	-2.29154872855e-09
2.87266700622e-09	-1.58193513844e-09
2.91429927898e-09	-2.15337886411e-10
2.95593155174e-09	1.21043319812e-09
2.9975638245e-09	2.07942840724e-09
3.03919609727e-09	2.03233896379e-09
3.08082837003e-09	1.12243636607e-09
3.12246064279e-09	-2.17663748137e-10
3.16409291555e-09	-1.38237432612e-09
3.20572518832e-09	-1.87176585342e-09
3.24735746108e-09	-1.51164014639e-09
3.28898973384e-09	-5.17434484149e-10
3.3306220066e-09	6.23825491264e-10
3.37225427937e-09	1.39127165344e-09
3.41388655213e-09	1.46715917193e-09
3.45551882489e-09	8.71954286552e-10
3.49715109766e-09	-6.8971876821e-11
3.53878337042e-09	-8.97131535726e-10
3.58041564318e-09	-1.23812249342e-09
3.62204791594e-09	-9.73895408762e-10
3.66368018871e-09	-2.74481021245e-10
3.70531246147e-09	5.01200414504e-10
3.74694473423e-09	9.83815251487e-10
3.78857700699e-09	9.71643543402e-10
3.83020927976e-09	5.05634201176e-10
3.87184155252e-09	-1.65155389364e-10
3.91347382528e-09	-7.15534631546e-10
3.95510609805e-09	-9.01460517344e-10
