% time-domain voltage integration by openEMS v0.37.0-rc2-21-gd59e7e7 @Sat Sep 19 15:14:53 2026
% start-coordinates: (-0.0209375,-0.0177583,3.5e-05) m -> [9,17,23]
% stop-coordinates: (-0.0209375,-0.0177583,-0.0016) m -> [9,17,21]
% t/s	voltage
0	0
4.16322727627e-11	1.85532572107e-14
8.32645455253e-11	3.40612330008e-11
1.24896818288e-10	2.07137670731e-12
1.66529091051e-10	-7.83009629357e-11
2.08161363813e-10	-1.79351852814e-10
2.49793636576e-10	-2.33855629306e-10
2.91425909339e-10	-2.0913853982e-10
3.33058182101e-10	-1.8722984968e-11
3.74690454864e-10	3.27730675931e-10
4.16322727627e-10	6.82670975305e-10
4.57955000389e-10	8.83078110636e-10
4.99587273152e-10	7.65525531854e-10
5.41219545915e-10	7.09002995203e-11
5.82851818677e-10	-1.04864139594e-09
6.2448409144e-10	-2.24683405214e-09
6.66116364203e-10	-2.87383428166e-09
7.07748636965e-10	-2.24176499586e-09
7.49380909728e-10	-3.06296307762e-11
7.91013182491e-10	3.40452555037e-09
8.32645455253e-10	6.74195543837e-09
8.74277728016e-10	8.17561840449e-09
9.15910000779e-10	5.94173155122e-09
9.57542273541e-10	-5.44285949644e-10
9.99174546304e-10	-9.74088987249e-09
1.04080681907e-09	-1.80704677888e-08
1.08243909183e-09	-2.07329868829e-08
1.12407136459e-09	-1.39860150128e-08
1.16570363735e-09	2.65476796102e-09
1.20733591012e-09	2.46474449739e-08
1.24896818288e-09	4.29330739848e-08
1.29060045564e-09	4.69097507505e-08
1.33223272841e-09	2.93664150774e-08
1.37386500117e-09	-8.61325410995e-09
1.41549727393e-09	-5.53458043839e-08
1.45712954669e-09	-9.0926121743e-08
1.49876181946e-09	-9.46399012491e-08
1.54039409222e-09	-5.4953471107e-08
1.58202636498e-09	2.19809965785e-08
1.62365863774e-09	1.10301641598e-07
1.66529091051e-09	1.7163887378e-07
1.70692318327e-09	1.70423277268e-07
1.74855545603e-09	9.16528861694e-08
1.79018772879e-09	-4.69029686201e-08
1.83182000156e-09	-1.95562478211e-07
1.87345227432e-09	-2.89110261065e-07
1.91508454708e-09	-2.74101864761e-07
1.95671681985e-09	-1.36133621709e-07
1.99834909261e-09	8.61124149765e-08
2.03998136537e-09	3.09078444616e-07
2.08161363813e-09	4.34926931803e-07
2.1232459109e-09	3.93778776697e-07
2.16487818366e-09	1.79478590212e-07
2.20651045642e-09	-1.38566619512e-07
2.24814272918e-09	-4.36631864886e-07
2.28977500195e-09	-5.85023656186e-07
2.33140727471e-09	-5.04922866185e-07
2.37303954747e-09	-2.08344928865e-07
2.41467182023e-09	1.98486503677e-07
2.456304093e-09	5.53350503196e-07
2.49793636576e-09	7.04464071077e-07
2.53956863852e-09	5.76683476083e-07
2.58120091129e-09	2.08813034419e-07
2.62283318405e-09	-2.57201264731e-07
2.66446545681e-09	-6.32514627341e-07
2.70609772957e-09	-7.60333648486e-07
2.74773000234e-09	-5.83745247695e-07
2.7893622751e-09	-1.71972473595e-07
2.83099454786e-09	3.0703063203e-07
2.87262682062e-09	6.57059558762e-07
2.91425909339e-09	7.36545757718e-07
2.95589136615e-09	5.18053184351e-07
2.99752363891e-09	9.84519701319e-08
3.03915591167e-09	-3.44154813092e-07
3.08078818444e-09	-6.2730072159e-07
3.1224204572e-09	-6.41419205749e-07
3.16405272996e-09	-3.93428848611e-07
3.20568500273e-09	5.3106941067e-10
3.24731727549e-09	3.688082586e-07
3.28894954825e-09	5.59361694741e-07
3.33058182101e-09	5.03336764268e-07
3.37221409378e-09	2.39878175989e-07
3.41384636654e-09	-1.06355571461e-07
3.4554786393e-09	-3.82869757232e-07
3.49711091206e-09	-4.76105014968e-07
3.53874318483e-09	-3.57595808964e-07
3.58037545759e-09	-9.12079585191e-08
3.62200773035e-09	1.9950441299e-07
3.66364000311e-09	3.87543508396e-07
3.70527227588e-09	3.96933756974e-07
3.74690454864e-09	2.32438651437e-07
3.7885368214e-09	-2.70624163079e-08
3.83016909417e-09	-2.65858517423e-07
3.87180136693e-09	-3.82501752938e-07
3.91343363969e-09	-3.31911792273e-07
3.95506591245e-09	-1.41525987374e-07
