% time-domain voltage integration by openEMS v0.37.0-rc2-21-gd59e7e7 @Sat Sep 19 15:14:53 2026
% start-coordinates: (0,-0.0105479,3.5e-05) m -> [26,24,23]
% stop-coordinates: (0,-0.0105479,-0.0016) m -> [26,24,21]
% t/s	voltage
0	0
4.16322727627e-11	0
8.32645455253e-11	-2.17994680829e-22
1.24896818288e-10	-2.19240650584e-15
1.66529091051e-10	1.33547432688e-14
2.08161363813e-10	1.94377912204e-12
2.49793636576e-10	2.6114780477e-11
2.91425909339e-10	-2.22970791136e-11
3.33058182101e-10	-8.18806134006e-11
3.74690454864e-10	-9.98582674883e-11
4.16322727627e-10	-7.78960645986e-11
4.57955000389e-10	1.76827476273e-11
4.99587273152e-10	1.48090553709e-10
5.41219545915e-10	2.99810010151e-10
5.82851818677e-10	3.45662359846e-10
6.2448409144e-10	2.33887548218e-10
6.66116364203e-10	-1.03122316242e-10
7.07748636965e-10	-5.83940618082e-10
7.49380909728e-10	-9.845709803e-10
7.91013182491e-10	-1.12110332129e-09
8.32645455253e-10	-6.65547672529e-10
8.74277728016e-10	4.20791873568e-10
9.15910000779e-10	1.83703907641e-09
9.57542273541e-10	3.0032358822e-09
9.99174546304e-10	3.11535219844e-09
1.04080681907e-09	1.57473412088e-09
1.08243909183e-09	-1.53185530927e-09
1.12407136459e-09	-5.29271382277e-09
1.16570363735e-09	-7.98264299107e-09
1.20733591012e-09	-7.71085151285e-09
1.24896818288e-09	-3.28891358592e-09
1.29060045564e-09	4.65892169288e-09
1.33223272841e-09	1.34535094176e-08
1.37386500117e-09	1.88861175587e-08
1.41549727393e-09	1.69293432606e-08
1.45712954669e-09	5.83812154176e-09
1.49876181946e-09	-1.20937508896e-08
1.54039409222e-09	-3.02399740804e-08
1.58202636498e-09	-3.97527522011e-08
1.62365863774e-09	-3.31804344e-08
1.66529091051e-09	-8.82754314091e-09
1.70692318327e-09	2.68871165332e-08
1.74855545603e-09	6.01237388764e-08
1.79018772879e-09	7.4502409575e-08
1.83182000156e-09	5.83439749846e-08
1.87345227432e-09	1.15535829792e-08
1.91508454708e-09	-5.158725358e-08
1.95671681985e-09	-1.05945069606e-07
1.99834909261e-09	-1.24987877825e-07
2.03998136537e-09	-9.28665713218e-08
2.08161363813e-09	-1.39282967382e-08
2.1232459109e-09	8.56354063217e-08
2.16487818366e-09	1.65837107602e-07
2.20651045642e-09	1.88706508197e-07
2.24814272918e-09	1.35571681881e-07
2.28977500195e-09	1.80655010951e-08
2.33140727471e-09	-1.22896935295e-07
2.37303954747e-09	-2.31329266853e-07
2.41467182023e-09	-2.58529894381e-07
2.456304093e-09	-1.84585232432e-07
2.49793636576e-09	-2.94903426123e-08
2.53956863852e-09	1.51719802943e-07
2.58120091129e-09	2.89021386379e-07
2.62283318405e-09	3.24934347873e-07
2.66446545681e-09	2.3847857733e-07
2.70609772957e-09	5.55277495096e-08
2.74773000234e-09	-1.59195892024e-07
2.7893622751e-09	-3.25844325744e-07
2.83099454786e-09	-3.79629426561e-07
2.87262682062e-09	-2.96011393175e-07
2.91425909339e-09	-1.00905822364e-07
2.95589136615e-09	1.37862642191e-07
2.99752363891e-09	3.3483831885e-07
3.03915591167e-09	4.17760389837e-07
3.08078818444e-09	3.54043635298e-07
3.1224204572e-09	1.62984335361e-07
3.16405272996e-09	-9.03167176602e-08
3.20568500273e-09	-3.17367579328e-07
3.24731727549e-09	-4.37336979076e-07
3.28894954825e-09	-4.05730361308e-07
3.33058182101e-09	-2.30915674138e-07
3.37221409378e-09	2.78698646383e-08
3.41384636654e-09	2.80489700799e-07
3.4554786393e-09	4.37409227061e-07
3.49711091206e-09	4.41718640332e-07
3.53874318483e-09	2.90208333809e-07
3.58037545759e-09	3.54558160609e-08
3.62200773035e-09	-2.32369643527e-07
3.66364000311e-09	-4.17683907017e-07
3.70527227588e-09	-4.54264949212e-07
3.74690454864e-09	-3.29505496666e-07
3.7885368214e-09	-8.91724738494e-08
3.83016909417e-09	1.79490868391e-07
3.87180136693e-09	3.79818629881e-07
3.91343363969e-09	4.4124342935e-07
3.95506591245e-09	3.44662566931e-07
