% time-domain voltage integration by openEMS v0.37.0-rc2-21-gd59e7e7 @Sat Sep 19 15:14:53 2026
% start-coordinates: (-0.02375,-0.0177583,3.5e-05) m -> [7,17,23]
% stop-coordinates: (-0.02375,-0.0177583,-0.0016) m -> [7,17,21]
% t/s	voltage
0	0
4.16322727627e-11	1.48656803013e-12
8.32645455253e-11	5.7692555594e-11
1.24896818288e-10	-2.59648760825e-11
1.66529091051e-10	-1.30476393578e-10
2.08161363813e-10	-2.12156542334e-10
2.49793636576e-10	-2.30377897315e-10
2.91425909339e-10	-1.48041245929e-10
3.33058182101e-10	9.52303721991e-11
3.74690454864e-10	5.1548360025e-10
4.16322727627e-10	7.78745123942e-10
4.57955000389e-10	8.36085645162e-10
4.99587273152e-10	5.0542320329e-10
5.41219545915e-10	-3.96149113513e-10
5.82851818677e-10	-1.52184942426e-09
6.2448409144e-10	-2.47966713829e-09
6.66116364203e-10	-2.58389487584e-09
7.07748636965e-10	-1.31756683341e-09
7.49380909728e-10	1.3798459042e-09
7.91013182491e-10	4.72759298376e-09
8.32645455253e-10	7.19684001282e-09
8.74277728016e-10	7.09777081553e-09
9.15910000779e-10	3.16410098122e-09
9.57542273541e-10	-4.29401181279e-09
9.99174546304e-10	-1.28880932593e-08
1.04080681907e-09	-1.86486630582e-08
1.08243909183e-09	-1.73321730301e-08
1.12407136459e-09	-6.71778055406e-09
1.16570363735e-09	1.153462037e-08
1.20733591012e-09	3.11274064302e-08
1.24896818288e-09	4.27529194269e-08
1.29060045564e-09	3.77218114522e-08
1.33223272841e-09	1.26188455241e-08
1.37386500117e-09	-2.70269939762e-08
1.41549727393e-09	-6.67283757139e-08
1.45712954669e-09	-8.73464713891e-08
1.49876181946e-09	-7.32464187081e-08
1.54039409222e-09	-2.09955839381e-08
1.58202636498e-09	5.54877637171e-08
1.62365863774e-09	1.2694805207e-07
1.66529091051e-09	1.58975126396e-07
1.70692318327e-09	1.27145142415e-07
1.74855545603e-09	3.10443795115e-08
1.79018772879e-09	-1.00108017875e-07
1.83182000156e-09	-2.14721623593e-07
1.87345227432e-09	-2.582209504e-07
1.91508454708e-09	-1.97729761453e-07
1.95671681985e-09	-4.11451139826e-08
1.99834909261e-09	1.59338725325e-07
2.03998136537e-09	3.23520907841e-07
2.08161363813e-09	3.75051911305e-07
2.1232459109e-09	2.7603167041e-07
2.16487818366e-09	4.90903744321e-08
2.20651045642e-09	-2.24903942581e-07
2.24814272918e-09	-4.35669534227e-07
2.28977500195e-09	-4.88415309974e-07
2.33140727471e-09	-3.46491219716e-07
2.37303954747e-09	-5.24108969557e-08
2.41467182023e-09	2.83885100316e-07
2.456304093e-09	5.27076622348e-07
2.49793636576e-09	5.72391627429e-07
2.53956863852e-09	3.91374129549e-07
2.58120091129e-09	4.78700954432e-08
2.62283318405e-09	-3.24953106201e-07
2.66446545681e-09	-5.77791979595e-07
2.70609772957e-09	-6.0667798607e-07
2.74773000234e-09	-3.97118157025e-07
2.7893622751e-09	-3.12494776722e-08
2.83099454786e-09	3.44908471561e-07
2.87262682062e-09	5.81383119425e-07
2.91425909339e-09	5.85580437473e-07
2.95589136615e-09	3.59701573416e-07
2.99752363891e-09	-1.31807720294e-09
3.03915591167e-09	-3.49984674131e-07
3.08078818444e-09	-5.47365289094e-07
3.1224204572e-09	-5.1974507187e-07
3.16405272996e-09	-2.8646226724e-07
3.20568500273e-09	5.04584001249e-08
3.24731727549e-09	3.50733927235e-07
3.28894954825e-09	4.94353571412e-07
3.33058182101e-09	4.30085378866e-07
3.37221409378e-09	1.9351708147e-07
3.41384636654e-09	-1.10686841026e-07
3.4554786393e-09	-3.54383615786e-07
3.49711091206e-09	-4.39829619836e-07
3.53874318483e-09	-3.38487069484e-07
3.58037545759e-09	-1.00061505748e-07
3.62200773035e-09	1.71051269149e-07
3.66364000311e-09	3.60875787919e-07
3.70527227588e-09	3.93385676034e-07
3.74690454864e-09	2.60370001115e-07
3.7885368214e-09	2.21523901445e-08
3.83016909417e-09	-2.19411418811e-07
3.87180136693e-09	-3.6449054619e-07
3.91343363969e-09	-3.56091192089e-07
3.95506591245e-09	-2.01812568434e-07
