% time-domain current integration by openEMS v0.37.0-rc2-21-gd59e7e7 @Sat Sep 19 15:14:53 2026
% start-coordinates: (-0.02375,-0.0213937,0) m -> [7,15,22]
% stop-coordinates: (-0.02375,-0.01655,3.5e-05) m -> [7,18,23]
% t/s	current
4.01855914698e-14	0
4.16724583541e-11	9.94209411114e-15
8.33047311168e-11	2.70916454418e-13
1.24937003879e-10	-2.13325776315e-13
1.66569276642e-10	-9.71728882256e-13
2.08201549405e-10	-1.63233326595e-12
2.49833822167e-10	-1.84694035239e-12
2.9146609493e-10	-7.4593120309e-13
3.33098367693e-10	1.18262984041e-12
3.74730640455e-10	3.88464520967e-12
4.16362913218e-10	5.94142096633e-12
4.57995185981e-10	5.60634004498e-12
4.99627458743e-10	1.72186299507e-12
5.41259731506e-10	-5.65733831309e-12
5.82892004269e-10	-1.41592900599e-11
6.24524277032e-10	-1.9486108907e-11
6.66156549794e-10	-1.6717347992e-11
7.07788822557e-10	-2.95915939322e-12
7.4942109532e-10	1.99249297617e-11
7.91053368082e-10	4.39274450148e-11
8.32685640845e-10	5.60296184449e-11
8.74317913608e-10	4.37173977574e-11
9.1595018637e-10	1.64914024277e-12
9.57582459133e-10	-6.10772821208e-11
9.99214731896e-10	-1.20133403225e-10
1.04084700466e-09	-1.42263506531e-10
1.08247927742e-09	-9.94831023116e-11
1.12411155018e-09	1.3107871559e-11
1.16574382295e-09	1.65053054557e-10
1.20737609571e-09	2.92717544648e-10
1.24900836847e-09	3.20587889568e-10
1.29064064123e-09	1.9737292356e-10
1.332272914e-09	-6.88482951205e-11
1.37390518676e-09	-3.93034327306e-10
1.41553745952e-09	-6.31940777485e-10
1.45716973228e-09	-6.38614383597e-10
1.49880200505e-09	-3.37024574915e-10
1.54043427781e-09	2.17224793708e-10
1.58206655057e-09	8.26500146101e-10
1.62369882334e-09	1.21028520539e-09
1.6653310961e-09	1.1233654007e-09
1.70696336886e-09	4.87041740271e-10
1.74859564162e-09	-5.30086530226e-10
1.79022791439e-09	-1.53548551651e-09
1.83186018715e-09	-2.05397299169e-09
1.87349245991e-09	-1.74027481314e-09
1.91512473267e-09	-5.73367742174e-10
1.95675700544e-09	1.06996234095e-09
1.9983892782e-09	2.52082821284e-09
2.04002155096e-09	3.08459835452e-09
2.08165382372e-09	2.3654911363e-09
2.12328609649e-09	4.9885290343e-10
2.16491836925e-09	-1.83485249217e-09
2.20655064201e-09	-3.65339936081e-09
2.24818291478e-09	-4.0893999298e-09
2.28981518754e-09	-2.80378942286e-09
2.3314474603e-09	-1.96406890751e-10
2.37307973306e-09	2.70603006669e-09
2.41471200583e-09	4.66309701963e-09
2.45634427859e-09	4.76565631402e-09
2.49797655135e-09	2.86737411592e-09
2.53960882411e-09	-3.07243480657e-10
2.58124109688e-09	-3.44651596151e-09
2.62287336964e-09	-5.21419307731e-09
2.6645056424e-09	-4.84190376682e-09
2.70613791516e-09	-2.47849074597e-09
2.74777018793e-09	8.69084859634e-10
2.78940246069e-09	3.78100661891e-09
2.83103473345e-09	5.05241093407e-09
2.87266700622e-09	4.21684820395e-09
2.91429927898e-09	1.72631953177e-09
2.95593155174e-09	-1.28422206203e-09
2.9975638245e-09	-3.52838647188e-09
3.03919609727e-09	-4.14004519556e-09
3.08082837003e-09	-3.0225715264e-09
3.12246064279e-09	-8.29479762654e-10
3.16409291555e-09	1.39206302041e-09
3.20572518832e-09	2.70470934538e-09
3.24735746108e-09	2.68765032452e-09
3.28898973384e-09	1.56560964193e-09
3.3306220066e-09	2.54660129789e-11
3.37225427937e-09	-1.16330545197e-09
3.41388655213e-09	-1.52312729096e-09
3.45551882489e-09	-1.05781206017e-09
3.49715109766e-09	-1.84037507456e-10
3.53878337042e-09	5.35679556268e-10
3.58041564318e-09	7.05172753523e-10
3.62204791594e-09	2.8978400235e-10
3.66368018871e-09	-3.95849852897e-10
3.70531246147e-09	-8.85273132578e-10
3.74694473423e-09	-8.28805302167e-10
3.78857700699e-09	-1.89738544321e-10
3.83020927976e-09	7.31598781556e-10
3.87184155252e-09	1.45234624327e-09
3.91347382528e-09	1.55729207307e-09
3.95510609805e-09	9.16908104998e-10
