% time-domain voltage integration by openEMS v0.37.0-rc2-21-gd59e7e7 @Sat Sep 19 15:14:53 2026
% start-coordinates: (0,-0.00779302,3.5e-05) m -> [26,26,23]
% stop-coordinates: (0,-0.00779302,-0.0016) m -> [26,26,21]
% t/s	voltage
0	0
4.16322727627e-11	0
8.32645455253e-11	7.96281189741e-26
1.24896818288e-10	-5.1127745803e-17
1.66529091051e-10	-1.53980113707e-13
2.08161363813e-10	1.03076336529e-12
2.49793636576e-10	1.63355145383e-11
2.91425909339e-10	-2.33744750985e-12
3.33058182101e-10	-5.48215292606e-11
3.74690454864e-10	-8.25547130656e-11
4.16322727627e-10	-8.04930982978e-11
4.57955000389e-10	-2.54528065291e-11
4.99587273152e-10	7.72142003114e-11
5.41219545915e-10	2.15621034916e-10
5.82851818677e-10	2.79151951554e-10
6.2448409144e-10	2.37189740071e-10
6.66116364203e-10	3.5356471223e-11
7.07748636965e-10	-3.4397801274e-10
7.49380909728e-10	-7.14997727691e-10
7.91013182491e-10	-9.63752855299e-10
8.32645455253e-10	-7.6538020366e-10
8.74277728016e-10	-3.38073458117e-11
9.15910000779e-10	1.11682429971e-09
9.57542273541e-10	2.26628893429e-09
9.99174546304e-10	2.74856759575e-09
1.04080681907e-09	1.97405691793e-09
1.08243909183e-09	-2.3352650369e-10
1.12407136459e-09	-3.36889560693e-09
1.16570363735e-09	-6.19650153411e-09
1.20733591012e-09	-7.03940505886e-09
1.24896818288e-09	-4.58620119659e-09
1.29060045564e-09	1.28074695294e-09
1.33223272841e-09	8.89792062253e-09
1.37386500117e-09	1.50579335667e-08
1.41549727393e-09	1.60072239908e-08
1.45712954669e-09	9.33685662119e-09
1.49876181946e-09	-4.38655467505e-09
1.54039409222e-09	-2.07418668907e-08
1.58202636498e-09	-3.25586668737e-08
1.62365863774e-09	-3.25157216707e-08
1.66529091051e-09	-1.6923401347e-08
1.70692318327e-09	1.14239915305e-08
1.74855545603e-09	4.26742978732e-08
1.79018772879e-09	6.28103435929e-08
1.83182000156e-09	5.93240088165e-08
1.87345227432e-09	2.7731344332e-08
1.91508454708e-09	-2.43058213556e-08
1.95671681985e-09	-7.7769286122e-08
1.99834909261e-09	-1.08592914216e-07
2.03998136537e-09	-9.79288117264e-08
2.08161363813e-09	-4.19585219902e-08
2.1232459109e-09	4.33751914386e-08
2.16487818366e-09	1.25961307162e-07
2.20651045642e-09	1.69177752696e-07
2.24814272918e-09	1.47653381077e-07
2.28977500195e-09	6.02952781037e-08
2.33140727471e-09	-6.55525269622e-08
2.37303954747e-09	-1.8213063413e-07
2.41467182023e-09	-2.39286634951e-07
2.456304093e-09	-2.05778036388e-07
2.49793636576e-09	-8.47469223686e-08
2.53956863852e-09	8.39012130882e-08
2.58120091129e-09	2.36580874002e-07
2.62283318405e-09	3.1025317071e-07
2.66446545681e-09	2.68389811708e-07
2.70609772957e-09	1.18018924411e-07
2.74773000234e-09	-8.99947778521e-08
2.7893622751e-09	-2.78426142586e-07
2.83099454786e-09	-3.72788974801e-07
2.87262682062e-09	-3.30937041326e-07
2.91425909339e-09	-1.61245679919e-07
2.95589136615e-09	7.82213831485e-08
2.99752363891e-09	2.9997838169e-07
3.03915591167e-09	4.19537911966e-07
3.08078818444e-09	3.87867913787e-07
3.1224204572e-09	2.11280124063e-07
3.16405272996e-09	-4.91888698662e-08
3.20568500273e-09	-2.99190077158e-07
3.24731727549e-09	-4.45749236633e-07
3.28894954825e-09	-4.32196202382e-07
3.33058182101e-09	-2.60297582599e-07
3.37221409378e-09	9.28274079826e-09
3.41384636654e-09	2.78691686617e-07
3.4554786393e-09	4.4891902462e-07
3.49711091206e-09	4.56803235238e-07
3.53874318483e-09	2.98907394836e-07
3.58037545759e-09	3.30454383857e-08
3.62200773035e-09	-2.43189731464e-07
3.66364000311e-09	-4.28873789815e-07
3.70527227588e-09	-4.5732184617e-07
3.74690454864e-09	-3.20521365893e-07
3.7885368214e-09	-7.11890919547e-08
3.83016909417e-09	1.97787414891e-07
3.87180136693e-09	3.88576722798e-07
3.91343363969e-09	4.34540851302e-07
3.95506591245e-09	3.23807455516e-07
