% time-domain current integration by openEMS v0.37.0-rc2-21-gd59e7e7 @Sun Sep 20 16:07:21 2026
% start-coordinates: (0.0212,-0.0209246,-0.000466667) m -> [90,38,12]
% stop-coordinates: (0.0233,-0.0209246,0) m -> [95,38,13]
% t/s	current
2.43111826168e-14	0
4.54376003108e-11	0
9.08508894391e-11	1.03054340774e-32
1.36264178567e-10	1.61616533314e-16
1.81677467696e-10	2.44692981155e-11
2.27090756824e-10	-2.11461820276e-11
2.72504045952e-10	2.34336910987e-10
3.1791733508e-10	2.31481367408e-09
3.63330624208e-10	1.17982432712e-08
4.08743913337e-10	2.84003114359e-08
4.54157202465e-10	3.76564557314e-08
4.99570491593e-10	2.47472939918e-08
5.44983780721e-10	-9.30834875845e-09
5.9039706985e-10	-5.16185032495e-08
6.35810358978e-10	-8.19671157615e-08
6.81223648106e-10	-7.8034460671e-08
7.26636937234e-10	-2.93429334164e-08
7.72050226362e-10	5.28625392349e-08
8.17463515491e-10	1.34931966045e-07
8.62876804619e-10	1.70241023056e-07
9.08290093747e-10	1.20746960874e-07
9.53703382875e-10	-1.67329758938e-08
9.99116672004e-10	-1.94296802647e-07
1.04452996113e-09	-3.23302032257e-07
1.08994325026e-09	-3.11611415782e-07
1.13535653939e-09	-1.18794190485e-07
1.18076982852e-09	2.0578670501e-07
1.22618311764e-09	5.22487198396e-07
1.27159640677e-09	6.4835609237e-07
1.3170096959e-09	4.49889739684e-07
