% time-domain current integration by openEMS v0.37.0-rc2-21-gd59e7e7 @Sun Sep 20 16:07:21 2026
% start-coordinates: (-0.0239,-0.0209246,-0.000466667) m -> [14,38,12]
% stop-coordinates: (-0.0217,-0.0209246,0) m -> [19,38,13]
% t/s	current
2.43111826168e-14	0
4.54376003108e-11	-3.75423745425e-08
9.08508894391e-11	-6.19045579242e-08
1.36264178567e-10	-5.16311189358e-08
1.81677467696e-10	-8.64695781644e-09
2.27090756824e-10	5.61933823917e-08
2.72504045952e-10	1.11934490121e-07
3.1791733508e-10	1.22420573234e-07
3.63330624208e-10	6.37170032292e-08
4.08743913337e-10	-5.45422444986e-08
4.54157202465e-10	-1.85215967008e-07
4.99570491593e-10	-2.57667153392e-07
5.44983780721e-10	-2.0878661644e-07
5.9039706985e-10	-2.50514116118e-08
6.35810358978e-10	2.34728361193e-07
6.81223648106e-10	4.46870387805e-07
7.26636937234e-10	4.77529226828e-07
7.72050226362e-10	2.49498043559e-07
8.17463515491e-10	-1.95903837152e-07
8.62876804619e-10	-6.78310527746e-07
9.08290093747e-10	-9.34377965223e-07
9.53703382875e-10	-7.46602438539e-07
9.99116672004e-10	-8.12844334064e-08
1.04452996113e-09	8.36072615584e-07
1.08994325026e-09	1.56776400217e-06
1.13535653939e-09	1.64863922691e-06
1.18076982852e-09	8.39748679482e-07
1.22618311764e-09	-6.71641544159e-07
1.27159640677e-09	-2.24995665121e-06
1.3170096959e-09	-3.03814294966e-06
