% time-domain voltage integration by openEMS v0.37.0-rc2-21-gd59e7e7 @Sun Sep 20 16:07:21 2026
% start-coordinates: (-0.0225,-0.0218,0) m -> [17,36,13]
% stop-coordinates: (-0.0225,-0.02,0) m -> [17,41,13]
% t/s	voltage
0	-0
4.54132891282e-11	-2.10085588037e-06
9.08265782565e-11	-2.28297909644e-06
1.36239867385e-10	-1.60093594559e-06
1.81653156513e-10	3.4853239228e-07
2.27066445641e-10	2.88114148361e-06
2.72479734769e-10	4.74094690617e-06
3.17893023898e-10	4.61278420971e-06
3.63306313026e-10	1.849067786e-06
4.08719602154e-10	-2.9855113155e-06
4.54132891282e-10	-7.84120982189e-06
4.9954618041e-10	-9.87384089512e-06
5.44959469539e-10	-6.89470130055e-06
5.90372758667e-10	1.20617109189e-06
6.35786047795e-10	1.15799352898e-05
6.81199336923e-10	1.90921693957e-05
7.26612626052e-10	1.82671703897e-05
7.7202591518e-10	6.65892082452e-06
8.17439204308e-10	-1.25806586766e-05
8.62852493436e-10	-3.09370825562e-05
9.08265782565e-10	-3.77949768335e-05
9.53679071693e-10	-2.55931413449e-05
9.99092360821e-10	4.8367954264e-06
1.04450564995e-09	4.20344622398e-05
1.08991893908e-09	6.71948628224e-05
1.13533222821e-09	6.25156762908e-05
1.18074551733e-09	2.16347011701e-05
1.22615880646e-09	-4.32731931141e-05
1.27157209559e-09	-0.000103066542579
1.31698538472e-09	-0.000123144223835
