% time-domain voltage integration by openEMS v0.37.0-rc2-21-gd59e7e7 @Sun Sep 20 14:50:20 2026
% start-coordinates: (0.023,-0.018,3.5e-05) m -> [95,51,43]
% stop-coordinates: (0.023,-0.018,-0.0016) m -> [95,51,29]
% t/s	voltage
0	0
4.54320295933e-11	0
9.08640591866e-11	0
1.3629608878e-10	6.32217213614e-23
1.81728118373e-10	2.59601492524e-12
2.27160147967e-10	-3.09559251149e-09
2.7259217756e-10	-1.2315511555e-08
3.18024207153e-10	-1.02778973998e-07
3.63456236746e-10	-1.08112341834e-06
4.0888826634e-10	-2.48679614145e-06
4.54320295933e-10	-2.61875702279e-06
4.99752325526e-10	-1.3119050486e-06
5.4518435512e-10	1.30247391539e-06
5.90616384713e-10	4.27848219431e-06
6.36048414306e-10	5.89942075635e-06
6.814804439e-10	4.68024767031e-06
7.26912473493e-10	2.6657889407e-07
7.72344503086e-10	-5.90800662792e-06
8.1777653268e-10	-1.09223288689e-05
8.63208562273e-10	-1.14445960264e-05
9.08640591866e-10	-5.57389789435e-06
9.54072621459e-10	5.56512188155e-06
9.99504651053e-10	1.74209103534e-05
1.04493668065e-09	2.34050527297e-05
1.09036871024e-09	1.80730237958e-05
1.13580073983e-09	6.79832826478e-07
1.18123276943e-09	-2.28633569463e-05
1.22666479902e-09	-4.11913805465e-05
