% time-domain current integration by openEMS v0.37.0-rc2-21-gd59e7e7 @Sun Sep 20 14:50:20 2026
% start-coordinates: (0.0225,-0.0205263,0) m -> [94,44,42]
% stop-coordinates: (0.0225,-0.016,3.5e-05) m -> [94,56,43]
% t/s	current
2.07641817154e-14	-0
4.5452793775e-11	-0
9.08848233683e-11	-0
1.36316852962e-10	1.16041807714e-19
1.81748882555e-10	2.38600268015e-11
2.27180912148e-10	9.9542069032e-11
2.72612941742e-10	1.78286177488e-10
3.18044971335e-10	9.46326239593e-10
3.63477000928e-10	8.45770475877e-09
4.08909030522e-10	1.44071501396e-08
4.54341060115e-10	1.31249260349e-08
4.99773089708e-10	3.53479290283e-09
5.45205119301e-10	-1.221315582e-08
5.90637148895e-10	-2.69618443127e-08
6.36069178488e-10	-3.19112380964e-08
6.81501208081e-10	-1.9968556586e-08
7.26933237675e-10	8.13924394549e-09
7.72365267268e-10	4.18666310509e-08
8.17797296861e-10	6.34198542571e-08
8.63229326455e-10	5.63780275797e-08
9.08661356048e-10	1.41639242557e-08
9.54093385641e-10	-5.09590556419e-08
9.99525415235e-10	-1.09540529536e-07
1.04495744483e-09	-1.25847648746e-07
1.09038947442e-09	-7.58952367619e-08
1.13582150401e-09	3.38403474132e-08
1.18125353361e-09	1.60689268114e-07
1.2266855632e-09	2.38121231178e-07
