% time-domain voltage integration by openEMS v0.37.0-rc2-21-gd59e7e7 @Sun Sep 20 14:50:20 2026
% start-coordinates: (-0.0225,-0.018,3.5e-05) m -> [20,51,43]
% stop-coordinates: (-0.0225,-0.018,-0.0016) m -> [20,51,29]
% t/s	voltage
0	0
4.54320295933e-11	-1.86935999835e-06
9.08640591866e-11	-3.00912416407e-06
1.3629608878e-10	-3.09525455577e-06
1.81728118373e-10	-1.18124621906e-06
2.27160147967e-10	2.06506631528e-06
2.7259217756e-10	5.541270653e-06
3.18024207153e-10	7.1863533293e-06
3.63456236746e-10	5.2868124385e-06
4.0888826634e-10	-2.89707012158e-07
4.54320295933e-10	-7.87460696472e-06
4.99752325526e-10	-1.35195310236e-05
5.4518435512e-10	-1.33865010525e-05
5.90616384713e-10	-5.43458321545e-06
6.36048414306e-10	8.40469945729e-06
6.814804439e-10	2.23480171258e-05
7.26912473493e-10	2.82312931859e-05
7.72344503086e-10	1.99487827217e-05
8.1777653268e-10	-2.30514316257e-06
8.63208562273e-10	-3.07237348807e-05
9.08640591866e-10	-5.09616647832e-05
9.54072621459e-10	-4.90392292249e-05
9.99504651053e-10	-1.89202534102e-05
1.04493668065e-09	3.12612517632e-05
1.09036871024e-09	7.94010104528e-05
1.13580073983e-09	9.79693636509e-05
1.18123276943e-09	6.75468811551e-05
1.22666479902e-09	-9.32698748102e-06
