% time-domain current integration by openEMS v0.37.0-rc2-21-gd59e7e7 @Sun Sep 20 14:50:20 2026
% start-coordinates: (0.023,-0.0205263,0) m -> [95,44,42]
% stop-coordinates: (0.023,-0.016,3.5e-05) m -> [95,56,43]
% t/s	current
2.07641817154e-14	-0
4.5452793775e-11	-0
9.08848233683e-11	-0
1.36316852962e-10	2.08436815848e-20
1.81748882555e-10	1.58265050371e-11
2.27180912148e-10	1.03118520667e-10
2.72612941742e-10	1.21530258079e-10
3.18044971335e-10	7.34734550978e-10
3.63477000928e-10	6.74032518688e-09
4.08909030522e-10	1.28532331445e-08
4.54341060115e-10	1.23742234237e-08
4.99773089708e-10	4.40713199268e-09
5.45205119301e-10	-9.5653183152e-09
5.90637148895e-10	-2.342465244e-08
6.36069178488e-10	-2.92388300238e-08
6.81501208081e-10	-2.00663308192e-08
7.26933237675e-10	4.28298507771e-09
7.72365267268e-10	3.50741728994e-08
8.17797296861e-10	5.6648843838e-08
8.63229326455e-10	5.34692858878e-08
9.08661356048e-10	1.82115247327e-08
9.54093385641e-10	-3.98829556048e-08
9.99525415235e-10	-9.53349115207e-08
1.04495744483e-09	-1.15542349022e-07
1.09038947442e-09	-7.67369954247e-08
1.13582150401e-09	1.8677384972e-08
1.18125353361e-09	1.35103277898e-07
1.2266855632e-09	2.13192876686e-07
