% time-domain voltage integration by openEMS v0.37.0-rc2-21-gd59e7e7 @Sun Sep 20 14:50:20 2026
% start-coordinates: (0,-0.00357385,3.5e-05) m -> [64,79,43]
% stop-coordinates: (0,-0.00357385,-0.0016) m -> [64,79,29]
% t/s	voltage
0	0
4.54320295933e-11	0
9.08640591866e-11	3.08227361901e-19
1.3629608878e-10	-1.38131524968e-09
1.81728118373e-10	-2.24565760987e-08
2.27160147967e-10	-2.6954343979e-08
2.7259217756e-10	-1.33204895558e-07
3.18024207153e-10	-8.73013265235e-07
3.63456236746e-10	-1.76833957966e-06
4.0888826634e-10	-1.73700691875e-06
4.54320295933e-10	-7.98003142677e-07
4.99752325526e-10	9.4501989345e-07
5.4518435512e-10	2.70179566542e-06
5.90616384713e-10	3.52597318454e-06
6.36048414306e-10	2.69623781435e-06
6.814804439e-10	-4.22403828582e-08
7.26912473493e-10	-3.76157864679e-06
7.72344503086e-10	-6.71616167836e-06
8.1777653268e-10	-6.84634414938e-06
8.63208562273e-10	-3.08892416001e-06
9.08640591866e-10	3.75854766332e-06
9.54072621459e-10	1.08372076397e-05
9.99504651053e-10	1.41528245479e-05
1.04493668065e-09	1.05387919405e-05
1.09036871024e-09	-2.55068516974e-07
1.13580073983e-09	-1.44548932042e-05
1.18123276943e-09	-2.51359670074e-05
1.22666479902e-09	-2.50837582598e-05
