% time-domain current integration by openEMS v0.37.0-rc2-21-gd59e7e7 @Sun Sep 20 14:50:20 2026
% start-coordinates: (-0.023,-0.0205263,0) m -> [19,44,42]
% stop-coordinates: (-0.023,-0.016,3.5e-05) m -> [19,56,43]
% t/s	current
2.07641817154e-14	0
4.5452793775e-11	-1.08582280944e-08
9.08848233683e-11	-1.93920097757e-08
1.36316852962e-10	-2.00416341301e-08
1.81748882555e-10	-9.30716659298e-09
2.27180912148e-10	1.14118066108e-08
2.72612941742e-10	3.2601086275e-08
3.18044971335e-10	4.22841459624e-08
3.63477000928e-10	3.05424912028e-08
4.08909030522e-10	-3.178914465e-09
4.54341060115e-10	-4.75713939352e-08
4.99773089708e-10	-8.10942637486e-08
5.45205119301e-10	-8.05220707889e-08
5.90637148895e-10	-3.3242326225e-08
6.36069178488e-10	4.9486480691e-08
6.81501208081e-10	1.32213045845e-07
7.26933237675e-10	1.68837402725e-07
7.72365267268e-10	1.21402322861e-07
8.17797296861e-10	-1.07225970325e-08
8.63229326455e-10	-1.80265871563e-07
9.08661356048e-10	-3.03306677552e-07
9.54093385641e-10	-2.94831693282e-07
9.99525415235e-10	-1.18237771574e-07
1.04495744483e-09	1.79855419447e-07
1.09038947442e-09	4.69424747962e-07
1.13582150401e-09	5.85275586218e-07
1.18125353361e-09	4.10223009339e-07
1.2266855632e-09	-4.41584155908e-08
