% time-domain current integration by openEMS v0.37.0-rc2-21-gd59e7e7 @Sun Sep 20 14:50:20 2026
% start-coordinates: (-0.0239,-0.0205263,0) m -> [18,44,42]
% stop-coordinates: (-0.0239,-0.016,3.5e-05) m -> [18,56,43]
% t/s	current
2.07641817154e-14	0
4.5452793775e-11	-1.0664710004e-08
9.08848233683e-11	-1.84399819858e-08
1.36316852962e-10	-1.78870696033e-08
1.81748882555e-10	-6.92444279693e-09
2.27180912148e-10	1.24854544481e-08
2.72612941742e-10	3.16057082728e-08
3.18044971335e-10	3.87573315663e-08
3.63477000928e-10	2.60462957868e-08
4.08909030522e-10	-6.71867050883e-09
4.54341060115e-10	-4.77174921798e-08
4.99773089708e-10	-7.62757323969e-08
5.45205119301e-10	-7.17193984201e-08
5.90637148895e-10	-2.40851054656e-08
6.36069178488e-10	5.3845869985e-08
6.81501208081e-10	1.2767112878e-07
7.26933237675e-10	1.54616344616e-07
7.72365267268e-10	1.026309846e-07
8.17797296861e-10	-2.50730067819e-08
8.63229326455e-10	-1.80540808969e-07
9.08661356048e-10	-2.84632164949e-07
9.54093385641e-10	-2.61704343529e-07
9.99525415235e-10	-8.46207726113e-08
1.04495744483e-09	1.95125153368e-07
1.09038947442e-09	4.52060021416e-07
1.13582150401e-09	5.34955859166e-07
1.18125353361e-09	3.4504313362e-07
1.2266855632e-09	-9.22689409322e-08
