% time-domain voltage integration by openEMS v0.37.0-rc2-21-gd59e7e7 @Sun Sep 20 14:50:20 2026
% start-coordinates: (-0.023,-0.018,3.5e-05) m -> [19,51,43]
% stop-coordinates: (-0.023,-0.018,-0.0016) m -> [19,51,29]
% t/s	voltage
0	0
4.54320295933e-11	-1.88570798088e-06
9.08640591866e-11	-3.12590127294e-06
1.3629608878e-10	-3.00763424832e-06
1.81728118373e-10	-9.79339906948e-07
2.27160147967e-10	2.38727775326e-06
2.7259217756e-10	5.72277909328e-06
3.18024207153e-10	7.13017003307e-06
3.63456236746e-10	4.97284189294e-06
4.0888826634e-10	-8.71786044243e-07
4.54320295933e-10	-8.34211488154e-06
4.99752325526e-10	-1.37216338203e-05
5.4518435512e-10	-1.29752839939e-05
5.90616384713e-10	-4.51965085801e-06
6.36048414306e-10	9.51895572143e-06
6.814804439e-10	2.30936167895e-05
7.26912473493e-10	2.80152699474e-05
7.72344503086e-10	1.865078832e-05
8.1777653268e-10	-4.40899098919e-06
8.63208562273e-10	-3.25984258893e-05
9.08640591866e-10	-5.15481814318e-05
9.54072621459e-10	-4.75468684726e-05
9.99504651053e-10	-1.55363235024e-05
1.04493668065e-09	3.51800002818e-05
1.09036871024e-09	8.18801847799e-05
1.13580073983e-09	9.7104017641e-05
1.18123276943e-09	6.29074799008e-05
1.22666479902e-09	-1.63283180541e-05
