% time-domain current integration by openEMS v0.37.0-rc2-21-gd59e7e7 @Sun Sep 20 14:50:20 2026
% start-coordinates: (-0.0019229,-0.00444967,0) m -> [60,78,42]
% stop-coordinates: (0.00145,-0.00444967,3.5e-05) m -> [67,78,43]
% t/s	current
2.07641817154e-14	-0
4.5452793775e-11	-0
9.08848233683e-11	8.17157883446e-16
1.36316852962e-10	1.11262873914e-10
1.81748882555e-10	2.2474448691e-10
2.27180912148e-10	3.869683185e-10
2.72612941742e-10	1.66263613988e-09
3.18044971335e-10	6.50225562282e-09
3.63477000928e-10	1.25727561695e-08
4.08909030522e-10	1.1504418751e-08
4.54341060115e-10	3.73200848003e-09
4.99773089708e-10	-8.87588846865e-09
5.45205119301e-10	-2.03931289633e-08
5.90637148895e-10	-2.42358026981e-08
6.36069178488e-10	-1.60735957877e-08
6.81501208081e-10	4.58114124413e-09
7.26933237675e-10	3.03612637254e-08
7.72365267268e-10	4.83293369768e-08
8.17797296861e-10	4.48404975373e-08
8.63229326455e-10	1.4313525476e-08
9.08661356048e-10	-3.52218307853e-08
9.54093385641e-10	-8.17343774884e-08
9.99525415235e-10	-9.75601039954e-08
1.04495744483e-09	-6.33342196465e-08
1.09038947442e-09	1.82339245924e-08
1.13582150401e-09	1.16263244365e-07
1.18125353361e-09	1.80684793349e-07
1.2266855632e-09	1.64044323014e-07
