% time-domain voltage integration by openEMS v0.37.0-rc2-21-gd59e7e7 @Sun Sep 20 14:50:20 2026
% start-coordinates: (0.0225,-0.018,3.5e-05) m -> [94,51,43]
% stop-coordinates: (0.0225,-0.018,-0.0016) m -> [94,51,29]
% t/s	voltage
0	0
4.54320295933e-11	0
9.08640591866e-11	0
1.3629608878e-10	6.48084291209e-22
1.81728118373e-10	1.06878096054e-11
2.27160147967e-10	-3.32571954698e-09
2.7259217756e-10	-1.36091063418e-08
3.18024207153e-10	-1.20200625009e-07
3.63456236746e-10	-1.22315004347e-06
4.0888826634e-10	-2.51463041678e-06
4.54320295933e-10	-2.57671987924e-06
4.99752325526e-10	-1.16303924003e-06
5.4518435512e-10	1.51184066155e-06
5.90616384713e-10	4.44685288414e-06
6.36048414306e-10	5.90526998678e-06
6.814804439e-10	4.45866170651e-06
7.26912473493e-10	-1.30750453797e-07
7.72344503086e-10	-6.32033437853e-06
8.1777653268e-10	-1.11105165104e-05
8.63208562273e-10	-1.12223991948e-05
9.08640591866e-10	-4.9172940777e-06
9.54072621459e-10	6.42530386585e-06
9.99504651053e-10	1.80615970748e-05
1.04493668065e-09	2.33813440218e-05
1.09036871024e-09	1.71756283294e-05
1.13580073983e-09	-8.68971506307e-07
1.18123276943e-09	-2.4399736958e-05
1.22666479902e-09	-4.18339686803e-05
