% time-domain current integration by openEMS v0.37.0-rc2-21-gd59e7e7 @Sun Sep 20 14:50:20 2026
% start-coordinates: (-0.0019229,-0.00357385,0) m -> [60,79,42]
% stop-coordinates: (0.00145,-0.00357385,3.5e-05) m -> [67,79,43]
% t/s	current
2.07641817154e-14	-0
4.5452793775e-11	-0
9.08848233683e-11	2.54540785718e-16
1.36316852962e-10	1.03448707933e-10
1.81748882555e-10	2.24118418268e-10
2.27180912148e-10	2.9433566695e-10
2.72612941742e-10	1.32352062643e-09
3.18044971335e-10	5.7478173332e-09
3.63477000928e-10	1.20781997737e-08
4.08909030522e-10	1.17139924427e-08
4.54341060115e-10	4.86898299457e-09
4.99773089708e-10	-7.1667551893e-09
5.45205119301e-10	-1.90170599268e-08
5.90637148895e-10	-2.39995134876e-08
6.36069178488e-10	-1.75483201303e-08
6.81501208081e-10	1.67774960591e-09
7.26933237675e-10	2.7044869455e-08
7.72365267268e-10	4.64691787272e-08
8.17797296861e-10	4.60304150351e-08
8.63229326455e-10	1.89021207575e-08
9.08661356048e-10	-2.86809687111e-08
9.54093385641e-10	-7.63101581924e-08
9.99525415235e-10	-9.67292450582e-08
1.04495744483e-09	-6.91312749268e-08
1.09038947442e-09	6.92243906641e-09
1.13582150401e-09	1.0405429407e-07
1.18125353361e-09	1.74168022227e-07
1.2266855632e-09	1.68762795738e-07
