% time-domain voltage integration by openEMS v0.37.0-rc2-21-gd59e7e7 @Sun Sep 20 14:50:20 2026
% start-coordinates: (0,-0.00444967,3.5e-05) m -> [64,78,43]
% stop-coordinates: (0,-0.00444967,-0.0016) m -> [64,78,29]
% t/s	voltage
0	0
4.54320295933e-11	0
9.08640591866e-11	4.90660632482e-18
1.3629608878e-10	-1.32532801747e-09
1.81728118373e-10	-2.15657392499e-08
2.27160147967e-10	-1.84221353727e-08
2.7259217756e-10	-1.64154432269e-07
3.18024207153e-10	-1.00148965565e-06
3.63456236746e-10	-1.83729769532e-06
4.0888826634e-10	-1.6905959761e-06
4.54320295933e-10	-6.06596945119e-07
4.99752325526e-10	1.21192196545e-06
5.4518435512e-10	2.88071912991e-06
5.90616384713e-10	3.51271921772e-06
6.36048414306e-10	2.43222176977e-06
6.814804439e-10	-4.93728420814e-07
7.26912473493e-10	-4.2249717751e-06
7.72344503086e-10	-6.92382339196e-06
8.1777653268e-10	-6.58284730548e-06
8.63208562273e-10	-2.33475437028e-06
9.08640591866e-10	4.74256867733e-06
9.54072621459e-10	1.15606179918e-05
9.99504651053e-10	1.41117064345e-05
1.04493668065e-09	9.50440244196e-06
1.09036871024e-09	-2.02979277475e-06
1.13580073983e-09	-1.62027079966e-05
1.18123276943e-09	-2.58441840515e-05
1.22666479902e-09	-2.4040583412e-05
