% time-domain voltage integration by openEMS v0.37.0-rc2-21-gd59e7e7 @Sun Sep 20 14:50:20 2026
% start-coordinates: (-0.0239,-0.018,3.5e-05) m -> [18,51,43]
% stop-coordinates: (-0.0239,-0.018,-0.0016) m -> [18,51,29]
% t/s	voltage
0	0
4.54320295933e-11	-2.23144155598e-06
9.08640591866e-11	-3.18821777512e-06
1.3629608878e-10	-2.78470442794e-06
1.81728118373e-10	-5.24209884389e-07
2.27160147967e-10	2.95641787318e-06
2.7259217756e-10	6.06688011828e-06
3.18024207153e-10	7.01090421273e-06
3.63456236746e-10	4.25100323298e-06
4.0888826634e-10	-1.92308554503e-06
4.54320295933e-10	-9.3139094588e-06
4.99752325526e-10	-1.39550029417e-05
5.4518435512e-10	-1.21099235173e-05
5.90616384713e-10	-2.64942733708e-06
6.36048414306e-10	1.16669479553e-05
6.814804439e-10	2.4347732392e-05
7.26912473493e-10	2.74211927831e-05
7.72344503086e-10	1.58574308102e-05
8.1777653268e-10	-8.49266243108e-06
8.63208562273e-10	-3.60987010026e-05
9.08640591866e-10	-5.22747253626e-05
9.54072621459e-10	-4.42065298785e-05
9.99504651053e-10	-8.7515919347e-06
1.04493668065e-09	4.2681773607e-05
1.09036871024e-09	8.60792893036e-05
1.13580073983e-09	9.4686721468e-05
1.18123276943e-09	5.32232752448e-05
1.22666479902e-09	-2.99882841546e-05
