% time-domain voltage integration by openEMS v0.37.0-rc2-21-gd59e7e7 @Sun Sep 20 14:50:20 2026
% start-coordinates: (0,-0.00269802,3.5e-05) m -> [64,80,43]
% stop-coordinates: (0,-0.00269802,-0.0016) m -> [64,80,29]
% t/s	voltage
0	0
4.54320295933e-11	0
9.08640591866e-11	-1.47717539862e-19
1.3629608878e-10	-1.31003293977e-09
1.81728118373e-10	-2.16986804635e-08
2.27160147967e-10	-3.6391546554e-08
2.7259217756e-10	-1.08499813578e-07
3.18024207153e-10	-7.45823030002e-07
3.63456236746e-10	-1.66027520621e-06
4.0888826634e-10	-1.76582165778e-06
4.54320295933e-10	-9.79264354939e-07
4.99752325526e-10	6.8330360925e-07
5.4518435512e-10	2.50575194372e-06
5.90616384713e-10	3.50696763007e-06
6.36048414306e-10	2.91793379859e-06
6.814804439e-10	3.90509435455e-07
7.26912473493e-10	-3.2815745854e-06
7.72344503086e-10	-6.45949540967e-06
8.1777653268e-10	-7.0500843492e-06
8.63208562273e-10	-3.78909930276e-06
9.08640591866e-10	2.78226297468e-06
9.54072621459e-10	1.00552893514e-05
9.99504651053e-10	1.40801070643e-05
1.04493668065e-09	1.14549614523e-05
1.09036871024e-09	1.46646648602e-06
1.13580073983e-09	-1.2651761466e-05
1.18123276943e-09	-2.42479767962e-05
1.22666479902e-09	-2.58965828834e-05
