% time-domain voltage integration by openEMS v0.37.0-rc2-21-gd59e7e7 @Sun Sep 20 14:50:20 2026
% start-coordinates: (0.0239,-0.018,3.5e-05) m -> [96,51,43]
% stop-coordinates: (0.0239,-0.018,-0.0016) m -> [96,51,29]
% t/s	voltage
0	0
4.54320295933e-11	0
9.08640591866e-11	0
1.3629608878e-10	-3.32179709403e-24
1.81728118373e-10	-3.37946920339e-12
2.27160147967e-10	-2.7397833377e-09
2.7259217756e-10	-1.08206688887e-08
3.18024207153e-10	-7.69486185881e-08
3.63456236746e-10	-8.22314438764e-07
4.0888826634e-10	-2.3899645214e-06
4.54320295933e-10	-2.65856239423e-06
4.99752325526e-10	-1.56245502936e-06
5.4518435512e-10	9.24093509269e-07
5.90616384713e-10	3.94010557159e-06
6.36048414306e-10	5.82845133579e-06
6.814804439e-10	5.04482574115e-06
7.26912473493e-10	1.0022275454e-06
7.72344503086e-10	-5.11328649111e-06
8.1777653268e-10	-1.04800855354e-05
8.63208562273e-10	-1.17533255946e-05
9.08640591866e-10	-6.72017027625e-06
9.54072621459e-10	3.95482658178e-06
9.99504651053e-10	1.61033083543e-05
1.04493668065e-09	2.32469560615e-05
1.09036871024e-09	1.95681733999e-05
1.13580073983e-09	3.5119685009e-06
1.18123276943e-09	-1.98594880771e-05
1.22666479902e-09	-3.96753159748e-05
