% time-domain current integration by openEMS v0.37.0-rc2-21-gd59e7e7 @Sun Sep 20 14:39:17 2026
% start-coordinates: (-0.0254267,-0.0202085,-0.000359633) m -> [23,33,5]
% stop-coordinates: (-0.0254267,-0.0164315,0) m -> [23,40,6]
% t/s	current
2.82129495123e-13	0
4.48585897245e-11	1.17988276926e-08
8.94350499539e-11	1.17207994421e-08
1.34011510183e-10	4.31944569002e-09
1.78587970413e-10	-9.41704847435e-09
2.23164430642e-10	-2.39522695011e-08
2.67740890871e-10	-3.1063507322e-08
3.12317351101e-10	-2.30921060052e-08
3.5689381133e-10	1.96735228108e-09
4.01470271559e-10	3.68738817258e-08
4.46046731789e-10	6.5317593112e-08
4.90623192018e-10	6.79727065744e-08
5.35199652248e-10	3.24359525905e-08
5.79776112477e-10	-3.6404156134e-08
6.24352572706e-10	-1.12348971015e-07
6.68929032936e-10	-1.54336589731e-07
7.13505493165e-10	-1.25313619037e-07
7.58081953394e-10	-1.39324640713e-08
8.02658413624e-10	1.46766126363e-07
8.47234873853e-10	2.86838741204e-07
8.91811334083e-10	3.16517230203e-07
9.36387794312e-10	1.81310809921e-07
9.80964254541e-10	-1.03357464809e-07
1.02554071477e-09	-4.30901735626e-07
1.070117175e-09	-6.33635920622e-07
1.11469363523e-09	-5.56497411708e-07
1.15927009546e-09	-1.47936262351e-07
1.20384655569e-09	4.75899270214e-07
1.24842301592e-09	1.04172329429e-06
1.29299947615e-09	1.22189760532e-06
1.33757593638e-09	7.96688425453e-07
1.38215239661e-09	-1.88841752902e-07
1.42672885684e-09	-1.36923426908e-06
1.47130531706e-09	-2.16448074752e-06
1.51588177729e-09	-2.03403601517e-06
1.56045823752e-09	-7.83673272053e-07
1.60503469775e-09	1.23116842587e-06
1.64961115798e-09	3.14561179948e-06
1.69418761821e-09	3.9148135329e-06
1.73876407844e-09	2.82858468381e-06
1.78334053867e-09	-1.85073485426e-08
1.8279169989e-09	-3.57271142093e-06
1.87249345913e-09	-6.14344344285e-06
1.91706991936e-09	-6.14675491306e-06
1.96164637959e-09	-2.97163569485e-06
2.00622283982e-09	2.4677347028e-06
2.05079930005e-09	7.86413329479e-06
2.09537576028e-09	1.04185528471e-05
2.1399522205e-09	8.19984143163e-06
2.18452868073e-09	1.34005006203e-06
2.22910514096e-09	-7.60291686674e-06
2.27368160119e-09	-1.44801979332e-05
2.31825806142e-09	-1.53856453835e-05
2.36283452165e-09	-8.7208181867e-06
2.40741098188e-09	3.5457399008e-06
2.45198744211e-09	1.62344204e-05
2.49656390234e-09	2.30337791436e-05
2.54114036257e-09	1.95275260921e-05
2.5857168228e-09	5.76389447815e-06
2.63029328303e-09	-1.30376083689e-05
2.67486974326e-09	-2.83074004983e-05
2.71944620349e-09	-3.19376376865e-05
2.76402266372e-09	-2.0434781618e-05
2.80859912395e-09	2.65979929281e-06
2.85317558417e-09	2.75620404864e-05
2.8977520444e-09	4.22919329139e-05
2.94232850463e-09	3.83560327464e-05
2.98690496486e-09	1.54039371409e-05
3.03148142509e-09	-1.7617992853e-05
3.07605788532e-09	-4.58125796285e-05
3.12063434555e-09	-5.50144686713e-05
3.16521080578e-09	-3.88314401789e-05
3.20978726601e-09	-2.5682290925e-06
3.25436372624e-09	3.82343423553e-05
3.29894018647e-09	6.44354877295e-05
3.3435166467e-09	6.22916850261e-05
3.38809310693e-09	3.05747780658e-05
3.43266956716e-09	-1.78515856533e-05
3.47724602739e-09	-6.12017465755e-05
3.52182248762e-09	-7.86425662227e-05
3.56639894784e-09	-6.03647058597e-05
3.61097540807e-09	-1.29489490064e-05
3.6555518683e-09	4.28647399531e-05
3.70012832853e-09	8.13420338091e-05
3.74470478876e-09	8.37638363009e-05
3.78928124899e-09	4.76095374324e-05
3.83385770922e-09	-1.16334540508e-05
3.87843416945e-09	-6.71795278322e-05
3.92301062968e-09	-9.32378825382e-05
3.96758708991e-09	-7.71630293457e-05
4.01216355014e-09	-2.56569092016e-05
4.05674001037e-09	3.80539931939e-05
4.1013164706e-09	8.48666022648e-05
4.14589293083e-09	9.33139308472e-05
4.19046939106e-09	5.95680248807e-05
4.23504585129e-09	-8.01613737167e-07
4.27962231151e-09	-6.01325373282e-05
4.32419877174e-09	-9.15537166293e-05
4.36877523197e-09	-8.13522492535e-05
4.4133516922e-09	-3.50413611159e-05
4.45792815243e-09	2.5591276426e-05
4.50250461266e-09	7.28796367184e-05
4.54708107289e-09	8.60899817781e-05
4.59165753312e-09	6.06286521361e-05
4.63623399335e-09	9.50787489273e-06
4.68081045358e-09	-4.33090608567e-05
4.72538691381e-09	-7.42680131225e-05
4.76996337404e-09	-7.08436273271e-05
4.81453983427e-09	-3.65802297893e-05
4.8591162945e-09	1.14496224342e-05
4.90369275473e-09	5.11607686349e-05
4.94826921496e-09	6.56845877529e-05
4.99284567518e-09	5.0539852964e-05
5.03742213541e-09	1.47036425915e-05
5.08199859564e-09	-2.4446988391e-05
5.12657505587e-09	-4.95515596413e-05
5.1711515161e-09	-5.09619749209e-05
5.21572797633e-09	-3.03122542391e-05
5.26030443656e-09	1.27015641738e-06
5.30488089679e-09	2.90031221084e-05
5.34945735702e-09	4.13250782003e-05
5.39403381725e-09	3.46276865457e-05
5.43861027748e-09	1.39611402119e-05
5.48318673771e-09	-1.01595314845e-05
5.52776319794e-09	-2.69850042969e-05
5.57233965817e-09	-3.02405296679e-05
5.6169161184e-09	-2.02921346499e-05
5.66149257863e-09	-3.13102009386e-06
5.70606903885e-09	1.29662394102e-05
5.75064549908e-09	2.13245966734e-05
5.79522195931e-09	1.95233387785e-05
5.83979841954e-09	9.82523579296e-06
5.88437487977e-09	-2.48632886723e-06
5.92895134e-09	-1.18280077004e-05
5.97352780023e-09	-1.47504524648e-05
6.01810426046e-09	-1.10718438009e-05
6.06268072069e-09	-3.42545467902e-06
6.10725718092e-09	4.32622573499e-06
6.15183364115e-09	8.9377463155e-06
6.19641010138e-09	9.04766420717e-06
6.24098656161e-09	5.42099951417e-06
6.28556302184e-09	2.44176675324e-07
6.33013948207e-09	-4.05547689297e-06
6.3747159423e-09	-5.87340173297e-06
6.41929240252e-09	-4.94316782351e-06
6.46386886275e-09	-2.18837476496e-06
6.50844532298e-09	8.97269728739e-07
6.55302178321e-09	2.98578675029e-06
6.59759824344e-09	3.43233932654e-06
6.64217470367e-09	2.40080521507e-06
6.6867511639e-09	6.25561028755e-07
6.73132762413e-09	-1.01333205293e-06
6.77590408436e-09	-1.88370211163e-06
6.82048054459e-09	-1.80614324563e-06
6.86505700482e-09	-1.02618605524e-06
6.90963346505e-09	-1.77366530352e-08
6.95420992528e-09	7.624673799e-07
6.99878638551e-09	1.05645301574e-06
7.04336284574e-09	8.62778961164e-07
7.08793930597e-09	3.75822963861e-07
7.13251576619e-09	-1.39866827453e-07
7.17709222642e-09	-4.73189288641e-07
7.22166868665e-09	-5.37954122137e-07
7.26624514688e-09	-3.76208816988e-07
7.31082160711e-09	-1.09028853501e-07
7.35539806734e-09	1.31807624371e-07
7.39997452757e-09	2.58961364352e-07
7.4445509878e-09	2.52513444821e-07
7.48912744803e-09	1.50182629e-07
7.53370390826e-09	1.71680234473e-08
7.57828036849e-09	-8.67592220288e-08
7.62285682872e-09	-1.2924897419e-07
