% time-domain voltage integration by openEMS v0.37.0-rc2-21-gd59e7e7 @Sun Sep 20 14:39:17 2026
% start-coordinates: (-0.02608,-0.018,0) m -> [22,37,6]
% stop-coordinates: (-0.02608,-0.018,-0.0016) m -> [22,37,0]
% t/s	voltage
0	0
4.45764602294e-11	4.48181243229e-07
8.91529204587e-11	5.2353240676e-07
1.33729380688e-10	1.07159968898e-07
1.78305840917e-10	-5.39505386143e-07
2.22882301147e-10	-1.17054985083e-06
2.67458761376e-10	-1.38131166239e-06
3.12035221606e-10	-8.96637295966e-07
3.56611681835e-10	3.27983450177e-07
4.01188142064e-10	1.89812941187e-06
4.45764602294e-10	3.04003899032e-06
4.90341062523e-10	2.91503747007e-06
5.34917522752e-10	1.06481371631e-06
5.79493982982e-10	-2.15934480252e-06
6.24070443211e-10	-5.4430745422e-06
6.68646903441e-10	-6.92973736705e-06
7.1322336367e-10	-5.05012764052e-06
7.57799823899e-10	4.06203472636e-07
8.02376284129e-10	7.75233439754e-06
8.46952744358e-10	1.34226081627e-05
8.91529204587e-10	1.37172044106e-05
9.36105664817e-10	6.42482171997e-06
9.80682125046e-10	-7.07240008069e-06
1.02525858528e-09	-2.13849766624e-05
1.0698350455e-09	-2.8814885809e-05
1.11441150573e-09	-2.29012016462e-05
1.15898796596e-09	-2.43674082867e-06
1.20356442619e-09	2.60827052898e-05
1.24814088642e-09	4.95812919326e-05
1.29271734665e-09	5.36079337508e-05
1.33729380688e-09	2.98529262182e-05
1.38187026711e-09	-1.72879108504e-05
1.42644672734e-09	-6.93166639394e-05
1.47102318757e-09	-9.95166337816e-05
1.5155996478e-09	-8.52733064676e-05
1.56017610803e-09	-2.15403390484e-05
1.60475256826e-09	7.13866620572e-05
1.64932902849e-09	0.00015191874445
1.69390548872e-09	0.000173853701199
1.73848194895e-09	0.000110092270916
1.78305840917e-09	-2.77818655832e-05
1.8276348694e-09	-0.000185834554941
1.87221132963e-09	-0.000286006837996
1.91678778986e-09	-0.00026177903419
1.96136425009e-09	-9.62821559369e-05
2.00594071032e-09	0.000157075448442
2.05051717055e-09	0.000386690579035
2.09509363078e-09	0.000468442391139
2.13967009101e-09	0.000328132195136
2.18424655124e-09	-8.96909273251e-06
2.22882301147e-09	-0.000410498712881
2.2733994717e-09	-0.000684016056766
2.31797593193e-09	-0.00066493122722
2.36255239216e-09	-0.000307059872284
2.40712885239e-09	0.000271109631285
2.45170531262e-09	0.000817071530037
2.49628177284e-09	0.00104986879887
2.54085823307e-09	0.000798898669018
2.5854346933e-09	0.000109687229269
2.63001115353e-09	-0.000743748081732
2.67458761376e-09	-0.00136149626633
2.71916407399e-09	-0.0014006843121
2.76374053422e-09	-0.000757137604523
2.80831699445e-09	0.000347535526089
2.85289345468e-09	0.00143149773066
2.89746991491e-09	0.00195872785116
2.94204637514e-09	0.00159966206411
2.98662283537e-09	0.000421464068495
3.0311992956e-09	-0.00109720717592
3.07577575583e-09	-0.00225540139945
3.12035221606e-09	-0.00245155472658
3.16492867629e-09	-0.00149086966121
3.20950513651e-09	0.00027703237356
3.25408159674e-09	0.0020762054628
3.29865805697e-09	0.00304433191195
3.3432345172e-09	0.002646170964
3.38781097743e-09	0.00096199651307
3.43238743766e-09	-0.00130215226091
3.47696389789e-09	-0.00310954189627
3.52154035812e-09	-0.00357078161323
3.56611681835e-09	-0.00238289407571
3.61069327858e-09	-1.16789979074e-05
3.65526973881e-09	0.0024876363459
3.69984619904e-09	0.00394476143993
3.74442265927e-09	0.00362841517199
3.7889991195e-09	0.0016149146395
3.83357557973e-09	-0.00121558218962
3.87815203996e-09	-0.00356830985402
3.92272850018e-09	-0.00433460128261
3.96730496041e-09	-0.00312149434467
4.01188142064e-09	-0.000453875327366
4.05645788087e-09	0.00245538805029
4.1010343411e-09	0.00426549371332
4.14561080133e-09	0.00413542496972
4.19018726156e-09	0.00212094577728
4.23476372179e-09	-0.000849451702379
4.27934018202e-09	-0.00340918483562
4.32391664225e-09	-0.00439228129108
4.36849310248e-09	-0.00337300289539
4.41306956271e-09	-0.000852751283674
4.45764602294e-09	0.00198883128178
4.50222248317e-09	0.00385384584661
4.5467989434e-09	0.00392763750278
4.59137540363e-09	0.00223909289343
4.63595186385e-09	-0.00038149835018
4.68052832408e-09	-0.00271376394085
4.72510478431e-09	-0.00372230799985
4.76968124454e-09	-0.00302132492652
4.81425770477e-09	-0.0010181796315
4.858834165e-09	0.00131477194373
4.90341062523e-09	0.00291481771274
4.94798708546e-09	0.00311680001323
4.99256354569e-09	0.00192857671937
5.03714000592e-09	-1.90132570879e-05
5.08171646615e-09	-0.00180251307029
5.12629292638e-09	-0.00264473151765
5.17086938661e-09	-0.00225299381418
5.21544584684e-09	-0.000910001457669
5.26002230707e-09	0.000703571095073
5.3045987673e-09	0.00185062302626
5.34917522752e-09	0.00207294964639
5.39375168775e-09	0.00136856643076
5.43832814798e-09	0.000145894466186
5.48290460821e-09	-0.00100176125125
5.52748106844e-09	-0.00158059698879
5.57205752867e-09	-0.00140460123657
5.6166339889e-09	-0.000642273989797
5.66121044913e-09	0.00030066002364
5.70578690936e-09	0.000990260748949
5.75036336959e-09	0.0011599019781
5.79493982982e-09	0.000806244344858
5.83951629005e-09	0.000155451871251
5.88409275028e-09	-0.000468008198368
5.92866921051e-09	-0.000798046421551
5.97324567074e-09	-0.000735562105547
6.01782213097e-09	-0.000367355518392
6.06239859119e-09	9.997737925e-05
6.10697505142e-09	0.000449059807579
6.15155151165e-09	0.000548616153537
6.19612797188e-09	0.00039707068936
6.24070443211e-09	0.000101989494397
6.28528089234e-09	-0.000185107663128
6.32985735257e-09	-0.000342320836353
6.3744338128e-09	-0.000325347111357
6.41901027303e-09	-0.000173071497557
6.46358673326e-09	2.42971957505e-05
6.50816319349e-09	0.000173808222826
6.55273965372e-09	0.000220636333324
6.59731611395e-09	0.000164669781952
6.64189257418e-09	5.00464684592e-05
6.68646903441e-09	-6.25861539447e-05
6.73104549464e-09	-0.000125590559037
6.77562195486e-09	-0.000122331567582
6.82019841509e-09	-6.80280363667e-05
6.86477487532e-09	3.39657265158e-06
6.90935133555e-09	5.78847771067e-05
6.95392779578e-09	7.59563918109e-05
6.99850425601e-09	5.79564457439e-05
7.04308071624e-09	1.95793286366e-05
7.08765717647e-09	-1.82847106771e-05
7.1322336367e-09	-3.96952841584e-05
7.17681009693e-09	-3.93865348087e-05
7.22138655716e-09	-2.2578212338e-05
7.26596301739e-09	-2.97412103833e-07
7.31053947762e-09	1.6714690446e-05
7.35511593785e-09	2.25411035899e-05
7.39969239808e-09	1.7460710751e-05
7.44426885831e-09	6.32145861346e-06
7.48884531853e-09	-4.65649361558e-06
7.53342177876e-09	-1.08794139351e-05
7.57799823899e-09	-1.09386614895e-05
7.62257469922e-09	-6.40028662247e-06
