% time-domain voltage integration by openEMS v0.37.0-rc2-21-gd59e7e7 @Sun Sep 20 14:39:17 2026
% start-coordinates: (-0.0254267,-0.018,0) m -> [23,37,6]
% stop-coordinates: (-0.0254267,-0.018,-0.0016) m -> [23,37,0]
% t/s	voltage
0	0
4.45764602294e-11	5.18721009257e-07
8.91529204587e-11	5.50586378267e-07
1.33729380688e-10	1.83240569385e-07
1.78305840917e-10	-4.40724484463e-07
2.22882301147e-10	-1.1018476016e-06
2.67458761376e-10	-1.40159480111e-06
3.12035221606e-10	-1.00176050921e-06
3.56611681835e-10	1.57312708637e-07
4.01188142064e-10	1.72466926074e-06
4.45764602294e-10	2.95618681889e-06
4.90341062523e-10	2.98731103499e-06
5.34917522752e-10	1.29999946807e-06
5.79493982982e-10	-1.83013214894e-06
6.24070443211e-10	-5.17840896919e-06
6.68646903441e-10	-6.91729428581e-06
7.1322336367e-10	-5.3991412301e-06
7.57799823899e-10	-2.49294849652e-07
8.02376284129e-10	7.03811303993e-06
8.46952744358e-10	1.30489519279e-05
8.91529204587e-10	1.40236497828e-05
9.36105664817e-10	7.45588056361e-06
9.80682125046e-10	-5.5870776805e-06
1.02525858528e-09	-2.01410587124e-05
1.0698350455e-09	-2.85958558379e-05
1.11441150573e-09	-2.41508432737e-05
1.15898796596e-09	-4.94889889069e-06
1.20356442619e-09	2.32759523442e-05
1.24814088642e-09	4.79518366774e-05
1.29271734665e-09	5.43885794286e-05
1.33729380688e-09	3.33482748829e-05
1.38187026711e-09	-1.21250300253e-05
1.42644672734e-09	-6.47909000691e-05
1.47102318757e-09	-9.8254002296e-05
1.5155996478e-09	-8.88914155439e-05
1.56017610803e-09	-2.94858853067e-05
1.60475256826e-09	6.21631534159e-05
1.64932902849e-09	0.00014598083726
1.69390548872e-09	0.00017523256065
1.73848194895e-09	0.000119983101285
1.78305840917e-09	-1.24443291725e-05
1.8276348694e-09	-0.000171753814357
1.87221132963e-09	-0.000280862976069
1.91678778986e-09	-0.00027040056375
1.96136425009e-09	-0.000117397918984
2.00594071032e-09	0.000131579137815
2.05051717055e-09	0.000369030516595
2.09509363078e-09	0.000469444265036
2.13967009101e-09	0.000351248974766
2.18424655124e-09	2.90013581434e-05
2.22882301147e-09	-0.0003740871216
2.2733994717e-09	-0.000668041255267
2.31797593193e-09	-0.000681449972035
2.36255239216e-09	-0.000353797066055
2.40712885239e-09	0.000212259194086
2.45170531262e-09	0.000773626721639
2.49628177284e-09	0.00104631964496
2.54085823307e-09	0.000843719819386
2.5854346933e-09	0.000188330053788
2.63001115353e-09	-0.000665146457322
2.67458761376e-09	-0.00132199245854
2.71916407399e-09	-0.00142563377449
2.76374053422e-09	-0.000843410060043
2.80831699445e-09	0.000233995608141
2.85289345468e-09	0.0013428615639
2.89746991491e-09	0.00194161503168
2.94204637514e-09	0.0016712640936
2.98662283537e-09	0.000557397608645
3.0311992956e-09	-0.000955685616645
3.07577575583e-09	-0.00217628775863
3.12035221606e-09	-0.00247962135472
3.16492867629e-09	-0.00162325630663
3.20950513651e-09	9.4086784884e-05
3.25408159674e-09	0.00192589848302
3.29865805697e-09	0.003001375444
3.3432345172e-09	0.00273976280005
3.38781097743e-09	0.00115801372158
3.43238743766e-09	-0.00108943058876
3.47696389789e-09	-0.0029797423922
3.52154035812e-09	-0.0035904176184
3.56611681835e-09	-0.00255138173816
3.61069327858e-09	-0.000257788553427
3.65526973881e-09	0.00227551776334
3.69984619904e-09	0.00386737191002
3.74442265927e-09	0.00372726345086
3.7889991195e-09	0.00185025663814
3.83357557973e-09	-0.000948787470406
3.87815203996e-09	-0.00339283168432
3.92272850018e-09	-0.00433358491864
3.96730496041e-09	-0.00329854202573
4.01188142064e-09	-0.000729958126612
4.05645788087e-09	0.00220607203664
4.1010343411e-09	0.00415724233608
4.14561080133e-09	0.00421778255259
4.19018726156e-09	0.00235565891489
4.23476372179e-09	-0.000570351461647
4.27934018202e-09	-0.00321289733984
4.32391664225e-09	-0.0043663122342
4.36849310248e-09	-0.00352554634446
4.41306956271e-09	-0.00111058946641
4.45764602294e-09	0.001744749301
4.50222248317e-09	0.00373260353808
4.5467989434e-09	0.00397891819011
4.59137540363e-09	0.00243278528797
4.63595186385e-09	-0.000138283849083
4.68052832408e-09	-0.00253171939403
4.72510478431e-09	-0.00367894899682
4.76968124454e-09	-0.00312779613887
4.81425770477e-09	-0.00121808392578
4.858834165e-09	0.00111582496902
4.90341062523e-09	0.00280435103923
4.94798708546e-09	0.00313676527003
4.99256354569e-09	0.00206000175967
5.03714000592e-09	0.000157177286383
5.08171646615e-09	-0.00166235215147
5.12629292638e-09	-0.00259842464584
5.17086938661e-09	-0.00231182618882
5.21544584684e-09	-0.00103810922883
5.26002230707e-09	0.000568749914237
5.3045987673e-09	0.00176806934178
5.34917522752e-09	0.00207252480322
5.39375168775e-09	0.00144109560642
5.43832814798e-09	0.000251628698607
5.48290460821e-09	-0.000912193550903
5.52748106844e-09	-0.00154348845535
5.57205752867e-09	-0.0014290145773
5.6166339889e-09	-0.000709620064299
5.66121044913e-09	0.00022489874209
5.70578690936e-09	0.000939419085626
5.75036336959e-09	0.001151914199
5.79493982982e-09	0.000838139938423
5.83951629005e-09	0.000207717999729
5.88409275028e-09	-0.000420542786742
5.92866921051e-09	-0.000774559208367
5.97324567074e-09	-0.000741986834328
6.01782213097e-09	-0.00039602070683
6.06239859119e-09	6.48320728942e-05
6.10697505142e-09	0.000423203364335
6.15155151165e-09	0.00054114843806
6.19612797188e-09	0.000407755109336
6.24070443211e-09	0.000123051095215
6.28528089234e-09	-0.000164321472766
6.32985735257e-09	-0.000330323266098
6.3744338128e-09	-0.000325350152707
6.41901027303e-09	-0.00018268711392
6.46358673326e-09	1.09488197495e-05
6.50816319349e-09	0.00016294445777
6.55273965372e-09	0.00021616335107
6.59731611395e-09	0.000167044678165
6.64189257418e-09	5.68297673453e-05
6.68646903441e-09	-5.51040661776e-05
6.73104549464e-09	-0.000120587262245
6.77562195486e-09	-0.000121258713079
6.82019841509e-09	-7.04200983819e-05
6.86477487532e-09	-6.97089966195e-07
6.90935133555e-09	5.41248796253e-05
6.95392779578e-09	7.39459865144e-05
6.99850425601e-09	5.80718246965e-05
7.04308071624e-09	2.12550471588e-05
7.08765717647e-09	-1.60962949849e-05
7.1322336367e-09	-3.79831280952e-05
7.17681009693e-09	-3.87016566492e-05
7.22138655716e-09	-2.29256440889e-05
7.26596301739e-09	-1.27604607769e-06
7.31053947762e-09	1.56512556941e-05
7.35511593785e-09	2.18270997721e-05
7.39969239808e-09	1.7279662643e-05
7.44426885831e-09	6.60157240873e-06
7.48884531853e-09	-4.14536208382e-06
7.53342177876e-09	-1.03979612049e-05
7.57799823899e-09	-1.06616140556e-05
7.62257469922e-09	-6.37826821048e-06
