% time-domain current integration by openEMS v0.37.0-rc2-21-gd59e7e7 @Sun Sep 20 14:39:17 2026
% start-coordinates: (0.0247733,-0.0202085,-0.000359633) m -> [98,33,5]
% stop-coordinates: (0.0247733,-0.0164315,0) m -> [98,40,6]
% t/s	current
2.82129495123e-13	-0
4.48585897245e-11	-0
8.94350499539e-11	-0
1.34011510183e-10	-2.99125814014e-32
1.78587970413e-10	-1.90357843522e-16
2.23164430642e-10	-5.12809066044e-11
2.67740890871e-10	-2.06385047941e-11
3.12317351101e-10	-3.6680147808e-10
3.5689381133e-10	-3.52673468207e-09
4.01470271559e-10	-1.40027207607e-08
4.46046731789e-10	-5.35639577137e-09
4.90623192018e-10	7.61946505889e-09
5.35199652248e-10	2.16003233078e-08
5.79776112477e-10	2.90376931389e-08
6.24352572706e-10	2.28510028677e-08
6.68929032936e-10	1.44753609099e-09
7.13505493165e-10	-3.140020155e-08
7.58081953394e-10	-5.92080269257e-08
8.02658413624e-10	-6.4939541744e-08
8.47234873853e-10	-3.5671654075e-08
8.91811334083e-10	2.64560835461e-08
9.36387794312e-10	9.88107302646e-08
9.80964254541e-10	1.43196857039e-07
1.02554071477e-09	1.2371737057e-07
1.070117175e-09	2.67652655594e-08
1.11469363523e-09	-1.22544236092e-07
1.15927009546e-09	-2.5915934998e-07
1.20384655569e-09	-3.00902826211e-07
1.24842301592e-09	-1.89960204011e-07
1.29299947615e-09	6.69480471061e-08
1.33757593638e-09	3.7767264871e-07
1.38215239661e-09	5.87316662859e-07
1.42672885684e-09	5.44346164588e-07
1.47130531706e-09	1.87840541344e-07
1.51588177729e-09	-3.89419454905e-07
1.56045823752e-09	-9.41464065818e-07
1.60503469775e-09	-1.15762566111e-06
1.64961115798e-09	-8.13897145235e-07
1.69418761821e-09	7.55211715386e-08
1.73876407844e-09	1.19331377846e-06
1.78334053867e-09	2.00228305403e-06
1.8279169989e-09	1.97569170268e-06
1.87249345913e-09	8.87749934009e-07
1.91706991936e-09	-9.76989554147e-07
1.96164637959e-09	-2.83667009171e-06
2.00622283982e-09	-3.69941403733e-06
2.05079930005e-09	-2.84237808046e-06
2.09537576028e-09	-2.72196928108e-07
2.1399522205e-09	3.09142069455e-06
2.18452868073e-09	5.67697588849e-06
2.22910514096e-09	5.93898266743e-06
2.27368160119e-09	3.18559909829e-06
2.31825806142e-09	-1.85241265171e-06
2.36283452165e-09	-7.07915387466e-06
2.40741098188e-09	-9.82943493e-06
2.45198744211e-09	-8.14348913991e-06
2.49656390234e-09	-1.94564950107e-06
2.54114036257e-09	6.51912750982e-06
2.5857168228e-09	1.33775238282e-05
2.63029328303e-09	1.48127028297e-05
2.67486974326e-09	9.05173328647e-06
2.71944620349e-09	-2.32982210946e-06
2.76402266372e-09	-1.4598414964e-05
2.80859912395e-09	-2.17228916881e-05
2.85317558417e-09	-1.92340849026e-05
2.8977520444e-09	-6.77298157825e-06
2.94232850463e-09	1.10460450742e-05
2.98690496486e-09	2.61786681222e-05
3.03148142509e-09	3.06891015498e-05
3.07605788532e-09	2.07732628041e-05
3.12063434555e-09	-7.2208246138e-07
3.16521080578e-09	-2.47891748586e-05
3.20978726601e-09	-3.99298551201e-05
3.25436372624e-09	-3.75713134417e-05
3.29894018647e-09	-1.67083580891e-05
3.3435166467e-09	1.46720703924e-05
3.38809310693e-09	4.24926402047e-05
3.43266956716e-09	5.28577293153e-05
3.47724602739e-09	3.8924634282e-05
3.52182248762e-09	4.99876841786e-06
3.56639894784e-09	-3.44766413036e-05
3.61097540807e-09	-6.10331844655e-05
3.6555518683e-09	-6.08315931458e-05
3.70012832853e-09	-3.17942358379e-05
3.74470478876e-09	1.44389114212e-05
3.78928124899e-09	5.71089003643e-05
3.83385770922e-09	7.57209272706e-05
3.87843416945e-09	5.99454251642e-05
3.92301062968e-09	1.52221127792e-05
3.96758708991e-09	-3.89363522117e-05
4.01216355014e-09	-7.75341977715e-05
4.05674001037e-09	-8.17642139737e-05
4.1013164706e-09	-4.82483046653e-05
4.14589293083e-09	8.7340531536e-06
4.19046939106e-09	6.33859453956e-05
4.23504585129e-09	9.02409810806e-05
4.27962231151e-09	7.62008858146e-05
4.32419877174e-09	2.69924330496e-05
4.36877523197e-09	-3.51742855855e-05
4.4133516922e-09	-8.17905602162e-05
4.45792815243e-09	-9.13335970836e-05
4.50250461266e-09	-5.93635413679e-05
4.54708107289e-09	-6.2180487248e-07
4.59165753312e-09	5.78762446821e-05
4.63623399335e-09	8.94665790838e-05
4.68081045358e-09	8.01868955023e-05
4.72538691381e-09	3.5041161027e-05
4.76996337404e-09	-2.46731960942e-05
4.81453983427e-09	-7.15528367436e-05
4.8591162945e-09	-8.48501440487e-05
4.90369275473e-09	-5.97805337748e-05
4.94826921496e-09	-9.14529482543e-06
4.99284567518e-09	4.32136257587e-05
5.03742213541e-09	7.37678710721e-05
5.08199859564e-09	6.99971205904e-05
5.12657505587e-09	3.5508768633e-05
5.1711515161e-09	-1.24945981952e-05
5.21572797633e-09	-5.18113774888e-05
5.26030443656e-09	-6.55890762573e-05
5.30488089679e-09	-4.95638196298e-05
5.34945735702e-09	-1.30816297315e-05
5.39403381725e-09	2.6125300792e-05
5.43861027748e-09	5.05566931679e-05
5.48318673771e-09	5.07617005496e-05
5.52776319794e-09	2.88649171125e-05
5.57233965817e-09	-3.43095439348e-06
5.6169161184e-09	-3.0963725294e-05
5.66149257863e-09	-4.21955155616e-05
5.70606903885e-09	-3.39664366038e-05
5.75064549908e-09	-1.20092145153e-05
5.79522195931e-09	1.25622327687e-05
5.83979841954e-09	2.87735856546e-05
5.88437487977e-09	3.06158472085e-05
5.92895134e-09	1.90932132682e-05
5.97352780023e-09	9.09472760213e-07
6.01810426046e-09	-1.52058910317e-05
6.06268072069e-09	-2.25922558457e-05
6.10725718092e-09	-1.92944789887e-05
6.15183364115e-09	-8.26405175758e-06
6.19641010138e-09	4.62863863504e-06
6.24098656161e-09	1.35799655254e-05
6.28556302184e-09	1.53695618792e-05
6.33013948207e-09	1.03644888441e-05
6.3747159423e-09	1.79755329555e-06
6.41929240252e-09	-6.09342123425e-06
6.46386886275e-09	-1.00649394881e-05
6.50844532298e-09	-9.1038436949e-06
6.55302178321e-09	-4.48397622677e-06
6.59759824344e-09	1.18149250738e-06
6.64217470367e-09	5.30343959326e-06
6.6867511639e-09	6.42601025902e-06
6.73132762413e-09	4.64300137537e-06
6.77590408436e-09	1.26644670218e-06
6.82048054459e-09	-1.9685951429e-06
6.86505700482e-09	-3.72900262846e-06
6.90963346505e-09	-3.57391695616e-06
6.95420992528e-09	-1.96337236957e-06
6.99878638551e-09	1.2227602042e-07
7.04336284574e-09	1.70815008005e-06
7.08793930597e-09	2.23857568926e-06
7.13251576619e-09	1.72333238879e-06
7.17709222642e-09	6.10389122357e-07
7.22166868665e-09	-5.00959174587e-07
7.26624514688e-09	-1.14790418593e-06
7.31082160711e-09	-1.16897501812e-06
7.35539806734e-09	-7.02791851381e-07
7.39997452757e-09	-5.93860001175e-08
7.4445509878e-09	4.51284932979e-07
7.48912744803e-09	6.49926732876e-07
7.53370390826e-09	5.31648652213e-07
7.57828036849e-09	2.25047571689e-07
7.62285682872e-09	-9.51601677457e-08
