% time-domain voltage integration by openEMS v0.37.0-rc2-21-gd59e7e7 @Sun Sep 20 14:39:17 2026
% start-coordinates: (0.0254267,-0.018,0) m -> [99,37,6]
% stop-coordinates: (0.0254267,-0.018,-0.0016) m -> [99,37,0]
% t/s	voltage
0	0
4.45764602294e-11	0
8.91529204587e-11	0
1.33729380688e-10	0
1.78305840917e-10	4.46147417866e-19
2.22882301147e-10	9.38439057366e-11
2.67458761376e-10	2.81145054459e-09
3.12035221606e-10	1.30139901078e-08
3.56611681835e-10	1.30039452984e-07
4.01188142064e-10	6.93662691731e-07
4.45764602294e-10	2.13444121044e-07
4.90341062523e-10	-2.15803998671e-07
5.34917522752e-10	-8.50102068739e-07
5.79493982982e-10	-1.33539946034e-06
6.24070443211e-10	-1.15784270349e-06
6.68646903441e-10	-2.78498774264e-07
7.1322336367e-10	1.16039333875e-06
7.57799823899e-10	2.52566658787e-06
8.02376284129e-10	3.05281463397e-06
8.46952744358e-10	2.00985756749e-06
8.91529204587e-10	-6.45063465754e-07
9.36105664817e-10	-3.96728356122e-06
9.80682125046e-10	-6.3622791231e-06
1.02525858528e-09	-6.10603956375e-06
1.0698350455e-09	-2.27592869351e-06
1.11441150573e-09	4.31762634889e-06
1.15898796596e-09	1.09635177523e-05
1.20356442619e-09	1.39225330713e-05
1.24814088642e-09	1.01964081978e-05
1.29271734665e-09	-5.61591427584e-07
1.33729380688e-09	-1.48099994703e-05
1.38187026711e-09	-2.58306067735e-05
1.42644672734e-09	-2.63673782683e-05
1.47102318757e-09	-1.26080009295e-05
1.5155996478e-09	1.26054048906e-05
1.56017610803e-09	3.91460507672e-05
1.60475256826e-09	5.28850423507e-05
1.64932902849e-09	4.22900484409e-05
1.69390548872e-09	5.57889296715e-06
1.73848194895e-09	-4.52410381513e-05
1.78305840917e-09	-8.69024388521e-05
1.8276348694e-09	-9.42642154769e-05
1.87221132963e-09	-5.34900755156e-05
1.91678778986e-09	2.71506976333e-05
1.96136425009e-09	0.000115607239422
2.00594071032e-09	0.000166926020029
2.05051717055e-09	0.00014401644512
2.09509363078e-09	3.96576592721e-05
2.13967009101e-09	-0.000111911290333
2.18424655124e-09	-0.000242810212512
2.22882301147e-09	-0.000279409945506
2.2733994717e-09	-0.000180040409759
2.31797593193e-09	3.53590307896e-05
2.36255239216e-09	0.000281507258478
2.40712885239e-09	0.000437890499597
2.45170531262e-09	0.000404219204938
2.49628177284e-09	0.000157318030688
2.54085823307e-09	-0.000220526868361
2.5854346933e-09	-0.000562663488381
2.63001115353e-09	-0.000687589337758
2.67458761376e-09	-0.00048995466932
2.71916407399e-09	-9.4227137879e-06
2.76374053422e-09	0.000562795263249
2.80831699445e-09	0.000954597206146
2.85289345468e-09	0.000937962468015
2.89746991491e-09	0.000452780965134
2.94204637514e-09	-0.000334711916366
2.98662283537e-09	-0.0010797950672
3.0311992956e-09	-0.0014057639055
3.07577575583e-09	-0.00108909893606
3.12035221606e-09	-0.000194364733034
3.16492867629e-09	0.000917383636988
3.20950513651e-09	0.00172867315996
3.25408159674e-09	0.0018032064836
3.29865805697e-09	0.00101335007639
3.3432345172e-09	-0.00035865893733
3.38781097743e-09	-0.00171215279261
3.43238743766e-09	-0.00238863370032
3.47696389789e-09	-0.00198986103351
3.52154035812e-09	-0.000600553656113
3.56611681835e-09	0.00120522662473
3.61069327858e-09	0.00259841381921
3.65526973881e-09	0.00287627949729
3.69984619904e-09	0.00181505618093
3.74442265927e-09	-0.000182763704288
3.7889991195e-09	-0.00223546428606
3.83357557973e-09	-0.003373456595
3.87815203996e-09	-0.00300045131007
3.92272850018e-09	-0.00120345974574
3.96730496041e-09	0.00124905043049
4.01188142064e-09	0.00323799569742
4.05645788087e-09	0.0038103570987
4.1010343411e-09	0.00264039891772
4.14561080133e-09	0.000209902495044
4.19018726156e-09	-0.00239082952612
4.23476372179e-09	-0.00395908852806
4.27934018202e-09	-0.00374409981305
4.32391664225e-09	-0.0018109792436
4.36849310248e-09	0.000974319336819
4.41306956271e-09	0.00333908508765
4.45764602294e-09	0.00419480222627
4.50222248317e-09	0.00314628850901
4.5467989434e-09	0.000677131094562
4.59137540363e-09	-0.0020769706025
4.63595186385e-09	-0.00385901727714
4.68052832408e-09	-0.003873703914
4.72510478431e-09	-0.00214792430052
4.76968124454e-09	0.000497102992085
4.81425770477e-09	0.00284178968286
4.858834165e-09	0.00383878935827
4.90341062523e-09	0.00308746032533
4.94798708546e-09	0.000994289614027
4.99256354569e-09	-0.00144427169289
5.03714000592e-09	-0.00312118491274
5.08171646615e-09	-0.00332730895025
5.12629292638e-09	-0.00205276210909
5.17086938661e-09	4.72338429063e-05
5.21544584684e-09	0.00198793785239
5.26002230707e-09	0.00292022619396
5.3045987673e-09	0.00250395844341
5.34917522752e-09	0.00102475765016
5.39375168775e-09	-0.000781030474172
5.43832814798e-09	-0.00209172893665
5.48290460821e-09	-0.00237485009711
5.52748106844e-09	-0.00159981792967
5.57205752867e-09	-0.000206280219572
5.6166339889e-09	0.00113575528667
5.66121044913e-09	0.00184608976997
5.70578690936e-09	0.00168248997943
5.75036336959e-09	0.000812305792351
5.79493982982e-09	-0.000306229212583
5.83951629005e-09	-0.00115905528946
5.88409275028e-09	-0.00140929716872
5.92866921051e-09	-0.00102414577123
5.97324567074e-09	-0.000251562098128
6.01782213097e-09	0.000524308205058
6.06239859119e-09	0.000969240063569
6.10697505142e-09	0.000938327604672
6.15155151165e-09	0.000513020164362
6.19612797188e-09	-6.65662273605e-05
6.24070443211e-09	-0.00052930045058
6.28528089234e-09	-0.000695536640706
6.32985735257e-09	-0.000541104767763
6.3744338128e-09	-0.000183477171959
6.41901027303e-09	0.000191739440197
6.46358673326e-09	0.000422174776759
6.50816319349e-09	0.000434917543316
6.55273965372e-09	0.00026271128263
6.59731611395e-09	1.14790201451e-05
6.64189257418e-09	-0.000198193538381
6.68646903441e-09	-0.000285500718746
6.73104549464e-09	-0.000236752186538
6.77562195486e-09	-9.86522836683e-05
6.82019841509e-09	5.32160693183e-05
6.86477487532e-09	0.000152301639901
6.90935133555e-09	0.00016770683942
6.95392779578e-09	0.000110195766865
6.99850425601e-09	1.91018607438e-05
7.04308071624e-09	-6.03375988248e-05
7.08765717647e-09	-9.7443848972e-05
7.1322336367e-09	-8.60001946421e-05
7.17681009693e-09	-4.15704216721e-05
7.22138655716e-09	9.90131536582e-06
7.26596301739e-09	4.53863021903e-05
7.31053947762e-09	5.3842507441e-05
7.35511593785e-09	3.81130766982e-05
7.39969239808e-09	1.04889783188e-05
7.44426885831e-09	-1.47075846826e-05
7.48884531853e-09	-2.76373671113e-05
7.53342177876e-09	-2.59897237811e-05
7.57799823899e-09	-1.4103340618e-05
7.62257469922e-09	5.12017635401e-07
