% time-domain voltage integration by openEMS v0.37.0-rc2-21-gd59e7e7 @Sun Sep 20 14:39:17 2026
% start-coordinates: (-0.0247733,-0.018,0) m -> [24,37,6]
% stop-coordinates: (-0.0247733,-0.018,-0.0016) m -> [24,37,0]
% t/s	voltage
0	0
4.45764602294e-11	4.59975716183e-07
8.91529204587e-11	5.05152474517e-07
1.33729380688e-10	1.99440769677e-07
1.78305840917e-10	-4.06251540852e-07
2.22882301147e-10	-1.05118921567e-06
2.67458761376e-10	-1.37968466163e-06
3.12035221606e-10	-1.05193848299e-06
3.56611681835e-10	4.06496787342e-08
4.01188142064e-10	1.59258246413e-06
4.45764602294e-10	2.89396740527e-06
4.90341062523e-10	3.07610287109e-06
5.34917522752e-10	1.56281447516e-06
5.79493982982e-10	-1.47020355712e-06
6.24070443211e-10	-4.88822360012e-06
6.68646903441e-10	-6.87250616238e-06
7.1322336367e-10	-5.72467126858e-06
7.57799823899e-10	-8.87288301499e-07
8.02376284129e-10	6.35568807184e-06
8.46952744358e-10	1.26367903022e-05
8.91529204587e-10	1.42375859014e-05
9.36105664817e-10	8.38117716739e-06
9.80682125046e-10	-4.18576547645e-06
1.02525858528e-09	-1.88941992292e-05
1.0698350455e-09	-2.82557211904e-05
1.11441150573e-09	-2.52300824286e-05
1.15898796596e-09	-7.33793956442e-06
1.20356442619e-09	2.0487156462e-05
1.24814088642e-09	4.61399808955e-05
1.29271734665e-09	5.48597217858e-05
1.33729380688e-09	3.65930191037e-05
1.38187026711e-09	-7.07778889364e-06
1.42644672734e-09	-6.00920911893e-05
1.47102318757e-09	-9.65802983046e-05
1.5155996478e-09	-9.19813810469e-05
1.56017610803e-09	-3.7044520468e-05
1.60475256826e-09	5.29524459125e-05
1.64932902849e-09	0.000139570922329
1.69390548872e-09	0.000175762836079
1.73848194895e-09	0.000128977440909
1.78305840917e-09	2.45307830937e-06
1.8276348694e-09	-0.000157321961524
1.87221132963e-09	-0.000274593723589
1.91678778986e-09	-0.000277512670436
1.96136425009e-09	-0.000137333579914
2.00594071032e-09	0.000106233786028
2.05051717055e-09	0.000350188081939
2.09509363078e-09	0.000468260193884
2.13967009101e-09	0.00037212083771
2.18424655124e-09	6.58129220028e-05
2.22882301147e-09	-0.000336932109349
2.2733994717e-09	-0.00064943896723
2.31797593193e-09	-0.000694438138453
2.36255239216e-09	-0.000397734376747
2.40712885239e-09	0.000153940751261
2.45170531262e-09	0.000727760438167
2.49628177284e-09	0.00103812580346
2.54085823307e-09	0.00088361712551
2.5854346933e-09	0.000264229418462
2.63001115353e-09	-0.000585383400903
2.67458761376e-09	-0.00127742285258
2.71916407399e-09	-0.00144355741213
2.76374053422e-09	-0.000923937448533
2.80831699445e-09	0.000121879365906
2.85289345468e-09	0.00125004055735
2.89746991491e-09	0.00191607777379
2.94204637514e-09	0.00173384101072
2.98662283537e-09	0.000688093510689
3.0311992956e-09	-0.000812626785773
3.07577575583e-09	-0.00208887956978
3.12035221606e-09	-0.00249597139191
3.16492867629e-09	-0.00174588774098
3.20950513651e-09	-8.59812616909e-05
3.25408159674e-09	0.00176956393989
3.29865805697e-09	0.00294564067735
3.3432345172e-09	0.00281943831942
3.38781097743e-09	0.00134558934951
3.43238743766e-09	-0.000875220997841
3.47696389789e-09	-0.00283856349415
3.52154035812e-09	-0.00359359607683
3.56611681835e-09	-0.0027059041895
3.61069327858e-09	-0.000499200999911
3.65526973881e-09	0.002056111407
3.69984619904e-09	0.00377362244762
3.74442265927e-09	0.00380804992164
3.7889991195e-09	0.00207430428418
3.83357557973e-09	-0.000680981582263
3.87815203996e-09	-0.00320416167961
3.92272850018e-09	-0.00431309599662
3.96730496041e-09	-0.00345882945112
4.01188142064e-09	-0.000999854259135
4.05645788087e-09	0.00194936573098
4.1010343411e-09	0.00403137307148
4.14561080133e-09	0.00428044010187
4.19018726156e-09	0.00257772620535
4.23476372179e-09	-0.000291034553811
4.27934018202e-09	-0.00300375229563
4.32391664225e-09	-0.00432094070129
4.36849310248e-09	-0.00366118995589
4.41306956271e-09	-0.00136172340717
4.45764602294e-09	0.00149434774357
4.50222248317e-09	0.00359530645073
4.5467989434e-09	0.0040120727499
4.59137540363e-09	0.00261462703929
4.63595186385e-09	0.000104474373074
4.68052832408e-09	-0.00233904938796
4.72510478431e-09	-0.00361926315236
4.76968124454e-09	-0.00321994518163
4.81425770477e-09	-0.00141202236409
4.858834165e-09	0.000912312571018
4.90341062523e-09	0.00268153773504
4.94798708546e-09	0.00314270358649
4.99256354569e-09	0.00218213125481
5.03714000592e-09	0.000332618616085
5.08171646615e-09	-0.00151475874009
5.12629292638e-09	-0.00254050953663
5.17086938661e-09	-0.00236042938195
5.21544584684e-09	-0.00116180458281
5.26002230707e-09	0.000431116091931
5.3045987673e-09	0.00167745175713
5.34917522752e-09	0.00206290747155
5.39375168775e-09	0.0015075103147
5.43832814798e-09	0.000356696626113
5.48290460821e-09	-0.000818166343379
5.52748106844e-09	-0.00149937266542
5.57205752867e-09	-0.0014472775365
5.6166339889e-09	-0.000774275664298
5.66121044913e-09	0.000147626804392
5.70578690936e-09	0.0008840871742
5.75036336959e-09	0.00113883581071
5.79493982982e-09	0.000866656962899
5.83951629005e-09	0.000259554257354
5.88409275028e-09	-0.000370801208192
5.92866921051e-09	-0.000747482990846
5.97324567074e-09	-0.000745287645259
6.01782213097e-09	-0.000423311721534
6.06239859119e-09	2.89765930575e-05
6.10697505142e-09	0.000395201037463
6.15155151165e-09	0.000531268546183
6.19612797188e-09	0.000416862629208
6.24070443211e-09	0.000143910579936
6.28528089234e-09	-0.000142518389112
6.32985735257e-09	-0.000316745386954
6.3744338128e-09	-0.000324006836308
6.41901027303e-09	-0.000191730037841
6.46358673326e-09	-2.70238840017e-06
6.50816319349e-09	0.000151201653352
6.55273965372e-09	0.000210728976526
6.59731611395e-09	0.000168811526237
6.64189257418e-09	6.35466194581e-05
6.68646903441e-09	-4.72282122246e-05
6.73104549464e-09	-0.000114989124086
6.77562195486e-09	-0.000119691032523
6.82019841509e-09	-7.26018870409e-05
6.86477487532e-09	-4.89842881279e-06
6.90935133555e-09	5.00530181853e-05
6.95392779578e-09	7.16019430911e-05
6.99850425601e-09	5.79809934607e-05
7.04308071624e-09	2.29117570143e-05
7.08765717647e-09	-1.37724742899e-05
7.1322336367e-09	-3.60761232514e-05
7.17681009693e-09	-3.78618251489e-05
7.22138655716e-09	-2.32170475556e-05
7.26596301739e-09	-2.29688717468e-06
7.31053947762e-09	1.44874982198e-05
7.35511593785e-09	2.10128566778e-05
7.39969239808e-09	1.70412124589e-05
7.44426885831e-09	6.87958493018e-06
7.48884531853e-09	-3.5973189938e-06
7.53342177876e-09	-9.86165105132e-06
7.57799823899e-09	-1.03438037513e-05
7.62257469922e-09	-6.33969267483e-06
