% time-domain current integration by openEMS v0.37.0-rc2-21-gd59e7e7 @Sun Sep 20 14:39:17 2026
% start-coordinates: (-0.02608,-0.0202085,-0.000359633) m -> [22,33,5]
% stop-coordinates: (-0.02608,-0.0164315,0) m -> [22,40,6]
% t/s	current
2.82129495123e-13	0
4.48585897245e-11	1.15386997734e-08
8.94350499539e-11	1.1938328548e-08
1.34011510183e-10	3.57760088221e-09
1.78587970413e-10	-1.08744009353e-08
2.23164430642e-10	-2.52480969465e-08
2.67740890871e-10	-3.12660937141e-08
3.12317351101e-10	-2.15028777006e-08
3.5689381133e-10	5.13363929144e-09
4.01470271559e-10	4.02751147988e-08
4.46046731789e-10	6.70944331205e-08
4.90623192018e-10	6.6444165725e-08
5.35199652248e-10	2.72819651315e-08
5.79776112477e-10	-4.36284750549e-08
6.24352572706e-10	-1.18237316826e-07
6.68929032936e-10	-1.54979616696e-07
7.13505493165e-10	-1.18321310083e-07
7.58081953394e-10	-8.48266457076e-11
8.02658413624e-10	1.62426218253e-07
8.47234873853e-10	2.95627529567e-07
8.91811334083e-10	3.11652229357e-07
9.36387794312e-10	1.59745908945e-07
9.80964254541e-10	-1.34976062327e-07
1.02554071477e-09	-4.5827121653e-07
1.070117175e-09	-6.40293137621e-07
1.11469363523e-09	-5.3171061154e-07
1.15927009546e-09	-9.51890584133e-08
1.20384655569e-09	5.36831066711e-07
1.24842301592e-09	1.0800297332e-06
1.29299947615e-09	1.2088735275e-06
1.33757593638e-09	7.23961477433e-07
1.38215239661e-09	-3.00056882452e-07
1.42672885684e-09	-1.47002026551e-06
1.47130531706e-09	-2.19765229303e-06
1.51588177729e-09	-1.96191012947e-06
1.56045823752e-09	-6.15349620148e-07
1.60503469775e-09	1.43256124829e-06
1.64961115798e-09	3.28180226461e-06
1.69418761821e-09	3.89576689486e-06
1.73876407844e-09	2.62411367657e-06
1.78334053867e-09	-3.47915943166e-07
1.8279169989e-09	-3.88513490179e-06
1.87249345913e-09	-6.27041799817e-06
1.91706991936e-09	-5.97705320615e-06
1.96164637959e-09	-2.52430254477e-06
2.00622283982e-09	3.0236483326e-06
2.05079930005e-09	8.26475570648e-06
2.09537576028e-09	1.04226519397e-05
2.1399522205e-09	7.72038401919e-06
2.18452868073e-09	5.22377661127e-07
2.22910514096e-09	-8.40870234242e-06
2.27368160119e-09	-1.48600856846e-05
2.31825806142e-09	-1.50634714373e-05
2.36283452165e-09	-7.72780185798e-06
2.40741098188e-09	4.82969380755e-06
2.45198744211e-09	1.72127638507e-05
2.49656390234e-09	2.3160557248e-05
2.54114036257e-09	1.85953649634e-05
2.5857168228e-09	4.0662353058e-06
2.63029328303e-09	-1.47743576235e-05
2.67486974326e-09	-2.92238655675e-05
2.71944620349e-09	-3.14561075356e-05
2.76402266372e-09	-1.85921344382e-05
2.80859912395e-09	5.14268504048e-06
2.85317558417e-09	2.95476547763e-05
2.8977520444e-09	4.27395316365e-05
2.94232850463e-09	3.68537912436e-05
2.98690496486e-09	1.24518401208e-05
3.03148142509e-09	-2.07476223295e-05
3.07605788532e-09	-4.76168424939e-05
3.12063434555e-09	-5.44769718545e-05
3.16521080578e-09	-3.59746154572e-05
3.20978726601e-09	1.45333376622e-06
3.25436372624e-09	4.15910435549e-05
3.29894018647e-09	6.54561299598e-05
3.3435166467e-09	6.02928594162e-05
3.38809310693e-09	2.62749836111e-05
3.43266956716e-09	-2.25715029956e-05
3.47724602739e-09	-6.41246733721e-05
3.52182248762e-09	-7.82637725933e-05
3.56639894784e-09	-5.66636736039e-05
3.61097540807e-09	-7.48855291022e-06
3.6555518683e-09	4.76004752272e-05
3.70012832853e-09	8.30907156342e-05
3.74470478876e-09	8.15766397864e-05
3.78928124899e-09	4.235956294e-05
3.83385770922e-09	-1.75968452822e-05
3.87843416945e-09	-7.10963868187e-05
3.92301062968e-09	-9.32331531658e-05
3.96758708991e-09	-7.31560139684e-05
4.01216355014e-09	-1.94369786186e-05
4.05674001037e-09	4.36382651969e-05
4.1013164706e-09	8.72325326782e-05
4.14589293083e-09	9.13583353395e-05
4.19046939106e-09	5.4189855291e-05
4.23504585129e-09	-7.12072369424e-06
4.27962231151e-09	-6.4491367084e-05
4.32419877174e-09	-9.19847370824e-05
4.36877523197e-09	-7.77239911258e-05
4.4133516922e-09	-2.90896150545e-05
4.45792815243e-09	3.11043404508e-05
4.50250461266e-09	7.54658758524e-05
4.54708107289e-09	8.46745679155e-05
4.59165753312e-09	5.5998818425e-05
4.63623399335e-09	3.88383568861e-06
4.68081045358e-09	-4.73496766062e-05
4.72538691381e-09	-7.49857135816e-05
4.76996337404e-09	-6.80914890836e-05
4.81453983427e-09	-3.17880767398e-05
4.8591162945e-09	1.60143626999e-05
4.90369275473e-09	5.34738173883e-05
4.94826921496e-09	6.48681671009e-05
4.99284567518e-09	4.71831008326e-05
5.03742213541e-09	1.0491791727e-05
5.08199859564e-09	-2.75761340163e-05
5.12657505587e-09	-5.03013616253e-05
5.1711515161e-09	-4.92080907861e-05
5.21572797633e-09	-2.70576310868e-05
5.26030443656e-09	4.4469866225e-06
5.30488089679e-09	3.07096415781e-05
5.34945735702e-09	4.09602653235e-05
5.39403381725e-09	3.25708351738e-05
5.43861027748e-09	1.13001451609e-05
5.48318673771e-09	-1.21897655845e-05
5.52776319794e-09	-2.75690144917e-05
5.57233965817e-09	-2.92966542474e-05
5.6169161184e-09	-1.84216241905e-05
5.66149257863e-09	-1.26779309539e-06
5.70606903885e-09	1.40111433211e-05
5.75064549908e-09	2.12061731872e-05
5.79522195931e-09	1.84531818377e-05
5.83979841954e-09	8.40241682454e-06
5.88437487977e-09	-3.59352384294e-06
5.92895134e-09	-1.21863631648e-05
5.97352780023e-09	-1.43180623127e-05
6.01810426046e-09	-1.01580353657e-05
6.06268072069e-09	-2.50116704592e-06
6.10725718092e-09	4.86021963297e-06
6.15183364115e-09	8.91531908565e-06
6.19641010138e-09	8.57183931657e-06
6.24098656161e-09	4.77427647638e-06
6.28556302184e-09	-2.65401268962e-07
6.33013948207e-09	-4.23314713771e-06
6.3747159423e-09	-5.70282372792e-06
6.41929240252e-09	-4.56158295492e-06
6.46386886275e-09	-1.79888479579e-06
6.50844532298e-09	1.12622683446e-06
6.55302178321e-09	2.9871323477e-06
6.59759824344e-09	3.25022801917e-06
6.64217470367e-09	2.14966325984e-06
6.6867511639e-09	4.26671022069e-07
6.73132762413e-09	-1.08572203317e-06
6.77590408436e-09	-1.82505516477e-06
6.82048054459e-09	-1.6691253677e-06
6.86505700482e-09	-8.85996428224e-07
6.90963346505e-09	6.51911520322e-08
6.95420992528e-09	7.65382480949e-07
6.99878638551e-09	9.95932055048e-07
7.04336284574e-09	7.78858805006e-07
7.08793930597e-09	3.09542571131e-07
7.13251576619e-09	-1.64421251725e-07
7.17709222642e-09	-4.55336163441e-07
7.22166868665e-09	-4.95335370942e-07
7.26624514688e-09	-3.32845246476e-07
7.31082160711e-09	-8.35117006659e-08
7.35539806734e-09	1.33054186335e-07
7.39997452757e-09	2.41412891455e-07
7.4445509878e-09	2.28314107176e-07
7.48912744803e-09	1.31238579115e-07
7.53370390826e-09	1.01640678096e-08
7.57828036849e-09	-8.19357381943e-08
7.62285682872e-09	-1.17720325932e-07
