% time-domain voltage integration by openEMS v0.37.0-rc2-21-gd59e7e7 @Sun Sep 20 14:39:17 2026
% start-coordinates: (0.02608,-0.018,0) m -> [100,37,6]
% stop-coordinates: (0.02608,-0.018,-0.0016) m -> [100,37,0]
% t/s	voltage
0	0
4.45764602294e-11	0
8.91529204587e-11	0
1.33729380688e-10	0
1.78305840917e-10	1.0957346434e-19
2.22882301147e-10	5.76096683379e-11
2.67458761376e-10	2.88599841247e-09
3.12035221606e-10	1.02300355964e-08
3.56611681835e-10	1.00509790713e-07
4.01188142064e-10	7.20215595607e-07
4.45764602294e-10	2.75741683708e-07
4.90341062523e-10	-1.41281763177e-07
5.34917522752e-10	-7.66566024879e-07
5.79493982982e-10	-1.2730065464e-06
6.24070443211e-10	-1.23311637878e-06
6.68646903441e-10	-3.83271551385e-07
7.1322336367e-10	9.95584080954e-07
7.57799823899e-10	2.45188115855e-06
8.02376284129e-10	3.07125776544e-06
8.46952744358e-10	2.17590135776e-06
8.91529204587e-10	-3.20435429302e-07
9.36105664817e-10	-3.67041366189e-06
9.80682125046e-10	-6.26805706361e-06
1.02525858528e-09	-6.3162805759e-06
1.0698350455e-09	-2.80609270931e-06
1.11441150573e-09	3.63427520256e-06
1.15898796596e-09	1.04670845076e-05
1.20356442619e-09	1.39618211961e-05
1.24814088642e-09	1.09373272608e-05
1.29271734665e-09	7.18177375347e-07
1.33729380688e-09	-1.35149152811e-05
1.38187026711e-09	-2.52323006862e-05
1.42644672734e-09	-2.70486198133e-05
1.47102318757e-09	-1.46141611594e-05
1.5155996478e-09	9.93796754756e-06
1.56017610803e-09	3.70758848476e-05
1.60475256826e-09	5.2734615565e-05
1.64932902849e-09	4.47312468168e-05
1.69390548872e-09	1.00974783663e-05
1.73848194895e-09	-4.04849056395e-05
1.78305840917e-09	-8.44132546263e-05
1.8276348694e-09	-9.60272745942e-05
1.87221132963e-09	-5.97903576818e-05
1.91678778986e-09	1.84180621545e-05
1.96136425009e-09	0.000108443601675
2.00594071032e-09	0.000165564239069
2.05051717055e-09	0.000150709143782
2.09509363078e-09	5.29299754817e-05
2.13967009101e-09	-9.73780552158e-05
2.18424655124e-09	-0.000234359184105
2.22882301147e-09	-0.000282925579086
2.2733994717e-09	-0.000196530971152
2.31797593193e-09	1.14860110898e-05
2.36255239216e-09	0.000260975300989
2.40712885239e-09	0.000432062894106
2.45170531262e-09	0.000419282383518
2.49628177284e-09	0.000189920501725
2.54085823307e-09	-0.000183504407687
2.5854346933e-09	-0.0005392684252
2.63001115353e-09	-0.000692420348059
2.67458761376e-09	-0.00052592659631
2.71916407399e-09	-6.40630219095e-05
2.76374053422e-09	0.000513736889843
2.80831699445e-09	0.000936827796977
2.85289345468e-09	0.000965745093708
2.89746991491e-09	0.000519712666573
2.94204637514e-09	-0.000255804345215
2.98662283537e-09	-0.00102638939279
3.0311992956e-09	-0.00140823754191
3.07577575583e-09	-0.00115436394117
3.12035221606e-09	-0.000298994458717
3.16492867629e-09	0.000819620654511
3.20950513651e-09	0.00168674602173
3.25408159674e-09	0.0018447257753
3.29865805697e-09	0.00112815511238
3.3432345172e-09	-0.000218011906327
3.38781097743e-09	-0.00161119255063
3.43238743766e-09	-0.00238060875563
3.47696389789e-09	-0.00208819232648
3.52154035812e-09	-0.00076818584057
3.56611681835e-09	0.00104254460894
3.61069327858e-09	0.00251925952034
3.65526973881e-09	0.00292559739319
3.69984619904e-09	0.00197947917331
3.74442265927e-09	2.69876682069e-05
3.7889991195e-09	-0.0020769481489
3.83357557973e-09	-0.0033447550959
3.87815203996e-09	-0.00312309834408
3.92272850018e-09	-0.00142813619459
3.96730496041e-09	0.00102284428431
4.01188142064e-09	0.00311649389914
4.05645788087e-09	0.00385506942985
4.1010343411e-09	0.00283687945921
4.14561080133e-09	0.000471697221656
4.19018726156e-09	-0.00218365236651
4.23476372179e-09	-0.00390419428004
4.27934018202e-09	-0.00387019786285
4.32391664225e-09	-0.00206284309388
4.36849310248e-09	0.000711323191354
4.41306956271e-09	0.00318597897422
4.45764602294e-09	0.00422240819898
4.50222248317e-09	0.00334194555762
4.5467989434e-09	0.000950594854658
4.59137540363e-09	-0.00185123030678
4.63595186385e-09	-0.00378326248028
4.68052832408e-09	-0.00397985443124
4.72510478431e-09	-0.0023839835485
4.76968124454e-09	0.000241317087784
4.81425770477e-09	0.00268247222994
4.858834165e-09	0.00384459059569
4.90341062523e-09	0.00324957707198
4.94798708546e-09	0.00123337676632
4.99256354569e-09	-0.00123895602883
5.03714000592e-09	-0.00303986950894
5.08171646615e-09	-0.0033996674465
5.12629292638e-09	-0.0022376581037
5.17086938661e-09	-0.000160951027283
5.21544584684e-09	0.00185049365973
5.26002230707e-09	0.00290956054232
5.3045987673e-09	0.00261546770344
5.34917522752e-09	0.00119969544176
5.39375168775e-09	-0.000625005028269
5.43832814798e-09	-0.00202172342688
5.48290460821e-09	-0.00241397664649
5.52748106844e-09	-0.00172075921728
5.57205752867e-09	-0.000348122481228
5.6166339889e-09	0.00103716834565
5.66121044913e-09	0.00182929805305
5.70578690936e-09	0.00174596629222
5.75036336959e-09	0.000919425328902
5.79493982982e-09	-0.000207076465813
5.83951629005e-09	-0.00110994932766
5.88409275028e-09	-0.00142535200575
5.92866921051e-09	-0.00109014729969
5.97324567074e-09	-0.000332477553457
6.01782213097e-09	0.000465385546704
6.06239859119e-09	0.00095465760387
6.10697505142e-09	0.000968082735199
6.15155151165e-09	0.000567898743611
6.19612797188e-09	-1.38367886393e-05
6.24070443211e-09	-0.000500979651406
6.28528089234e-09	-0.000699930351402
6.32985735257e-09	-0.000571120479435
6.3744338128e-09	-0.000222136295633
6.41901027303e-09	0.00016234303439
6.46358673326e-09	0.000412972458435
6.50816319349e-09	0.000446316167654
6.55273965372e-09	0.00028622661921
6.59731611395e-09	3.49592423845e-05
6.64189257418e-09	-0.000184680098755
6.68646903441e-09	-0.000285799567791
6.73104549464e-09	-0.000248102485784
6.77562195486e-09	-0.000114120137368
6.82019841509e-09	4.0960617298e-05
6.86477487532e-09	0.000147769822433
6.90935133555e-09	0.000171226211023
6.95392779578e-09	0.000118619916975
6.99850425601e-09	2.78630930097e-05
7.04308071624e-09	-5.49808491996e-05
7.08765717647e-09	-9.69935290414e-05
7.1322336367e-09	-8.95612784007e-05
7.17681009693e-09	-4.67574941467e-05
7.22138655716e-09	5.62142901117e-06
7.26596301739e-09	4.35886699961e-05
7.31053947762e-09	5.46944652342e-05
7.35511593785e-09	4.06341496273e-05
7.39969239808e-09	1.32304256795e-05
7.44426885831e-09	-1.29380638327e-05
7.48884531853e-09	-2.73339580872e-05
7.53342177876e-09	-2.69128304353e-05
7.57799823899e-09	-1.55620945179e-05
7.62257469922e-09	-7.40978343572e-07
