% time-domain voltage integration by openEMS v0.37.0-rc2-21-gd59e7e7 @Sun Sep 20 14:39:17 2026
% start-coordinates: (0.0247733,-0.018,0) m -> [98,37,6]
% stop-coordinates: (0.0247733,-0.018,-0.0016) m -> [98,37,0]
% t/s	voltage
0	0
4.45764602294e-11	0
8.91529204587e-11	0
1.33729380688e-10	4.91964008482e-37
1.78305840917e-10	1.75490552616e-18
2.22882301147e-10	1.4638624167e-10
2.67458761376e-10	2.78184500435e-09
3.12035221606e-10	1.61855557845e-08
3.56611681835e-10	1.68224294939e-07
4.01188142064e-10	6.26410624704e-07
4.45764602294e-10	1.98842638355e-07
4.90341062523e-10	-2.98857774084e-07
5.34917522752e-10	-9.5799873634e-07
5.79493982982e-10	-1.34551576991e-06
6.24070443211e-10	-1.10594453417e-06
6.68646903441e-10	-1.72040195423e-07
7.1322336367e-10	1.31068577502e-06
7.57799823899e-10	2.62029701048e-06
8.02376284129e-10	2.99968999684e-06
8.46952744358e-10	1.79970922431e-06
8.91529204587e-10	-9.33973261397e-07
9.36105664817e-10	-4.2605759063e-06
9.80682125046e-10	-6.47407358656e-06
1.02525858528e-09	-5.86480729226e-06
1.0698350455e-09	-1.70215329831e-06
1.11441150573e-09	5.01007815501e-06
1.15898796596e-09	1.14235649562e-05
1.20356442619e-09	1.38123702982e-05
1.24814088642e-09	9.37711536153e-06
1.29271734665e-09	-1.88001820334e-06
1.33729380688e-09	-1.60734379051e-05
1.38187026711e-09	-2.63184163032e-05
1.42644672734e-09	-2.55532238498e-05
1.47102318757e-09	-1.05015240024e-05
1.5155996478e-09	1.52741739612e-05
1.56017610803e-09	4.1088668695e-05
1.60475256826e-09	5.2809799854e-05
1.64932902849e-09	3.96047789764e-05
1.69390548872e-09	9.51472941324e-07
1.73848194895e-09	-4.9892219522e-05
1.78305840917e-09	-8.90680494194e-05
1.8276348694e-09	-9.20413558561e-05
1.87221132963e-09	-4.68329935757e-05
1.91678778986e-09	3.5902005493e-05
1.96136425009e-09	0.000122364909657
2.00594071032e-09	0.000167562277056
2.05051717055e-09	0.000136574637509
2.09509363078e-09	2.60010194779e-05
2.13967009101e-09	-0.00012615709602
2.18424655124e-09	-0.00025029509743
2.22882301147e-09	-0.000274587255262
2.2733994717e-09	-0.000162514077601
2.31797593193e-09	5.93942663727e-05
2.36255239216e-09	0.000301050724374
2.40712885239e-09	0.000441831969511
2.45170531262e-09	0.000387166015571
2.49628177284e-09	0.000123627947687
2.54085823307e-09	-0.000256988003457
2.5854346933e-09	-0.000583807785006
2.63001115353e-09	-0.000679654345731
2.67458761376e-09	-0.000451445837825
2.71916407399e-09	4.57895116597e-05
2.76374053422e-09	0.000609798298683
2.80831699445e-09	0.000968268992438
2.85289345468e-09	0.000905775370484
2.89746991491e-09	0.000383307025913
2.94204637514e-09	-0.000412719527958
2.98662283537e-09	-0.00112878381333
3.0311992956e-09	-0.0013970296277
3.07577575583e-09	-0.00101858792186
3.12035221606e-09	-8.82543799889e-05
3.16492867629e-09	0.001011608103
3.20950513651e-09	0.00176313784323
3.25408159674e-09	0.00175349267374
3.29865805697e-09	0.000893572563655
3.3432345172e-09	-0.000498239238368
3.38781097743e-09	-0.00180585104681
3.43238743766e-09	-0.00238608359359
3.47696389789e-09	-0.00188245487516
3.52154035812e-09	-0.000429906107456
3.56611681835e-09	0.00136282961466
3.61069327858e-09	0.00266613240819
3.65526973881e-09	0.00281415361678
3.69984619904e-09	0.00164250592934
3.74442265927e-09	-0.000391710145777
3.7889991195e-09	-0.00238399152295
3.83357557973e-09	-0.00338715492398
3.87815203996e-09	-0.00286463217344
3.92272850018e-09	-0.000973818423518
3.96730496041e-09	0.0014692262921
4.01188142064e-09	0.00334479808225
4.05645788087e-09	0.00374884234043
4.1010343411e-09	0.00243284346652
4.14561080133e-09	-5.18268857377e-05
4.19018726156e-09	-0.00258648718591
4.23476372179e-09	-0.00399609963642
4.27934018202e-09	-0.0036019620311
4.32391664225e-09	-0.00155243175686
4.36849310248e-09	0.00123141420772
4.41306956271e-09	0.00347632708144
4.45764602294e-09	0.0041486643895
4.50222248317e-09	0.00293799181236
4.5467989434e-09	0.000402727440814
4.59137540363e-09	-0.00229160732124
4.63595186385e-09	-0.00391686533112
4.68052832408e-09	-0.003751154989
4.72510478431e-09	-0.0019044419314
4.76968124454e-09	0.000748167891288
4.81425770477e-09	0.00298673892394
4.858834165e-09	0.00381582131376
4.90341062523e-09	0.00291326540173
4.94798708546e-09	0.000753475673264
4.99256354569e-09	-0.00164064638375
5.03714000592e-09	-0.00318744312972
5.08171646615e-09	-0.00324087604531
5.12629292638e-09	-0.00186104096065
5.17086938661e-09	0.000252377572906
5.21544584684e-09	0.00211446695903
5.26002230707e-09	0.00291752340854
5.3045987673e-09	0.00238276596065
5.34917522752e-09	0.000847849238198
5.39375168775e-09	-0.000931059301365
5.43832814798e-09	-0.00215110272984
5.48290460821e-09	-0.00232557256822
5.52748106844e-09	-0.00147365080193
5.57205752867e-09	-6.59783490846e-05
5.6166339889e-09	0.00122739063227
5.66121044913e-09	0.00185413319559
5.70578690936e-09	0.00161250621022
5.75036336959e-09	0.000703519435774
5.79493982982e-09	-0.000402031408157
5.83951629005e-09	-0.00120185040578
5.88409275028e-09	-0.00138708831219
5.92866921051e-09	-0.000954806477239
5.97324567074e-09	-0.000171217056049
6.01782213097e-09	0.000579522282351
6.06239859119e-09	0.00097901240224
6.10697505142e-09	0.000904899272427
6.15155151165e-09	0.000457029371319
6.19612797188e-09	-0.000117743379633
6.24070443211e-09	-0.000554480291612
6.28528089234e-09	-0.000688009051373
6.32985735257e-09	-0.000509309564222
6.3744338128e-09	-0.000144938665471
6.41901027303e-09	0.000219477809878
6.46358673326e-09	0.000429153242294
6.50816319349e-09	0.000421779957833
6.55273965372e-09	0.000238595859628
6.59731611395e-09	-1.14080967251e-05
6.64189257418e-09	-0.000210390515349
6.68646903441e-09	-0.00028385566111
6.73104549464e-09	-0.000224603796596
6.77562195486e-09	-8.31649476822e-05
6.82019841509e-09	6.48581967653e-05
6.86477487532e-09	0.000155972991706
6.90935133555e-09	0.000163494541994
6.95392779578e-09	0.000101506941974
6.99850425601e-09	1.05251683635e-05
7.04308071624e-09	-6.52322050883e-05
7.08765717647e-09	-9.74091899479e-05
7.1322336367e-09	-8.21408466436e-05
7.17681009693e-09	-3.6354792428e-05
7.22138655716e-09	1.39883411521e-05
7.26596301739e-09	4.69017759315e-05
7.31053947762e-09	5.27565521224e-05
7.35511593785e-09	3.54950066139e-05
7.39969239808e-09	7.79436578568e-06
7.44426885831e-09	-1.6342433355e-05
7.48884531853e-09	-2.77943274796e-05
7.53342177876e-09	-2.49741140124e-05
7.57799823899e-09	-1.26321136804e-05
7.62257469922e-09	1.71342321664e-06
