% time-domain current integration by openEMS v0.37.0-rc2-21-gd59e7e7 @Sun Sep 20 14:39:17 2026
% start-coordinates: (0.0254267,-0.0202085,-0.000359633) m -> [99,33,5]
% stop-coordinates: (0.0254267,-0.0164315,0) m -> [99,40,6]
% t/s	current
2.82129495123e-13	-0
4.48585897245e-11	-0
8.94350499539e-11	-0
1.34011510183e-10	-3.53507885491e-33
1.78587970413e-10	-5.89977638353e-17
2.23164430642e-10	-4.2725111643e-11
2.67740890871e-10	-2.47409193826e-11
3.12317351101e-10	-3.27503552056e-10
3.5689381133e-10	-2.80568768218e-09
4.01470271559e-10	-1.48490650886e-08
4.46046731789e-10	-6.22068485612e-09
4.90623192018e-10	5.14287057385e-09
5.35199652248e-10	1.98723650868e-08
5.79776112477e-10	2.88416099892e-08
6.24352572706e-10	2.43796023369e-08
6.68929032936e-10	3.81027120966e-09
7.13505493165e-10	-2.81028214033e-08
7.58081953394e-10	-5.67675115803e-08
8.02658413624e-10	-6.56647145547e-08
8.47234873853e-10	-3.93318302372e-08
8.91811334083e-10	1.98165466259e-08
9.36387794312e-10	9.17607820838e-08
9.80964254541e-10	1.40323550113e-07
1.02554071477e-09	1.28159896917e-07
1.070117175e-09	3.8359779353e-08
1.11469363523e-09	-1.07457466925e-07
1.15927009546e-09	-2.47727911074e-07
1.20384655569e-09	-3.00963108657e-07
1.24842301592e-09	-2.0555427227e-07
1.29299947615e-09	3.89483076901e-08
1.33757593638e-09	3.4841013985e-07
1.38215239661e-09	5.7265117448e-07
1.42672885684e-09	5.57455393846e-07
1.47130531706e-09	2.30821967762e-07
1.51588177729e-09	-3.30496959577e-07
1.56045823752e-09	-8.93853098205e-07
1.60503469775e-09	-1.15095235742e-06
1.64961115798e-09	-8.64483524765e-07
1.69418761821e-09	-2.24230110035e-08
1.73876407844e-09	1.08665608423e-06
1.78334053867e-09	1.94212384486e-06
1.8279169989e-09	2.00784620574e-06
1.87249345913e-09	1.02130854884e-06
1.91706991936e-09	-7.85272050052e-07
1.96164637959e-09	-2.6730663194e-06
2.00622283982e-09	-3.6583101064e-06
2.05079930005e-09	-2.9779180295e-06
2.09537576028e-09	-5.58133024242e-07
2.1399522205e-09	2.76751529782e-06
2.18452868073e-09	5.47591935174e-06
2.22910514096e-09	5.9955418692e-06
2.27368160119e-09	3.53117707164e-06
2.31825806142e-09	-1.33055277729e-06
2.36283452165e-09	-6.61184958517e-06
2.40741098188e-09	-9.67016057984e-06
2.45198744211e-09	-8.44081114337e-06
2.49656390234e-09	-2.64290792984e-06
2.54114036257e-09	5.69695157537e-06
2.5857168228e-09	1.28252231661e-05
2.63029328303e-09	1.48641720443e-05
2.67486974326e-09	9.79565720627e-06
2.71944620349e-09	-1.14201441193e-06
2.76402266372e-09	-1.34864649226e-05
2.80859912395e-09	-2.12595714402e-05
2.85317558417e-09	-1.97622575797e-05
2.8977520444e-09	-8.19192337076e-06
2.94232850463e-09	9.3018543339e-06
2.98690496486e-09	2.49268523476e-05
3.03148142509e-09	3.06249603454e-05
3.07605788532e-09	2.21011487156e-05
3.12063434555e-09	1.53809344283e-06
3.16521080578e-09	-2.25827679969e-05
3.20978726601e-09	-3.88674307032e-05
3.25436372624e-09	-3.83172045986e-05
3.29894018647e-09	-1.91177277884e-05
3.3435166467e-09	1.15786906463e-05
3.38809310693e-09	4.014136357e-05
3.43266956716e-09	5.24671922904e-05
3.47724602739e-09	4.08843516198e-05
3.52182248762e-09	8.59382907947e-06
3.56639894784e-09	-3.08224043692e-05
3.61097540807e-09	-5.90669405938e-05
3.6555518683e-09	-6.16354154772e-05
3.70012832853e-09	-3.52041315637e-05
3.74470478876e-09	9.85150836641e-06
3.78928124899e-09	5.34396567673e-05
3.83385770922e-09	7.47681115172e-05
3.87843416945e-09	6.23251034995e-05
3.92301062968e-09	2.00010126719e-05
3.96758708991e-09	-3.38807731168e-05
4.01216355014e-09	-7.45607976569e-05
4.05674001037e-09	-8.23547525215e-05
4.1013164706e-09	-5.22651607753e-05
4.14589293083e-09	3.04482500724e-06
4.19046939106e-09	5.86190726608e-05
4.23504585129e-09	8.86312191142e-05
4.27962231151e-09	7.85603624536e-05
4.32419877174e-09	3.22988526023e-05
4.36877523197e-09	-2.93287776003e-05
4.4133516922e-09	-7.80890986789e-05
4.45792815243e-09	-9.14830816328e-05
4.50250461266e-09	-6.32948722341e-05
4.54708107289e-09	-6.52231392451e-06
4.59165753312e-09	5.27134652657e-05
4.63623399335e-09	8.73808166943e-05
4.68081045358e-09	8.20727582322e-05
4.72538691381e-09	3.99601412937e-05
4.76996337404e-09	-1.90220580407e-05
4.81453983427e-09	-6.77411881043e-05
4.8591162945e-09	-8.45329341246e-05
4.90369275473e-09	-6.29687710898e-05
4.94826921496e-09	-1.42625140143e-05
4.99284567518e-09	3.85469247703e-05
5.03742213541e-09	7.16147624189e-05
5.08199859564e-09	7.11827306077e-05
5.12657505587e-09	3.93121445086e-05
5.1711515161e-09	-7.9255005403e-06
5.21572797633e-09	-4.85536984343e-05
5.26030443656e-09	-6.49938228889e-05
5.30488089679e-09	-5.16979598615e-05
5.34945735702e-09	-1.67918369698e-05
5.39403381725e-09	2.26016018132e-05
5.43861027748e-09	4.87528996018e-05
5.48318673771e-09	5.13160775881e-05
5.52776319794e-09	3.13150449074e-05
5.57233965817e-09	-3.40608295346e-07
5.6169161184e-09	-2.86472750304e-05
5.66149257863e-09	-4.15820577473e-05
5.70606903885e-09	-3.51385642716e-05
5.75064549908e-09	-1.42573971971e-05
5.79522195931e-09	1.03381808003e-05
5.83979841954e-09	2.75343445537e-05
5.88437487977e-09	3.07760601572e-05
5.92895134e-09	2.04060052056e-05
5.97352780023e-09	2.65808171207e-06
6.01810426046e-09	-1.38329833135e-05
6.06268072069e-09	-2.21335667447e-05
6.10725718092e-09	-1.98175075639e-05
6.15183364115e-09	-9.40199151955e-06
6.19641010138e-09	3.4544848404e-06
6.24098656161e-09	1.28771398522e-05
6.28556302184e-09	1.5364614228e-05
6.33013948207e-09	1.09481825348e-05
6.3747159423e-09	2.62537719209e-06
6.41929240252e-09	-5.41415147381e-06
6.46386886275e-09	-9.79743617791e-06
6.50844532298e-09	-9.2900781965e-06
6.55302178321e-09	-4.96472739542e-06
6.59759824344e-09	6.6280063038e-07
6.64217470367e-09	4.97295150126e-06
6.6867511639e-09	6.38793744656e-06
6.73132762413e-09	4.85760529045e-06
6.77590408436e-09	1.59431715474e-06
6.82048054459e-09	-1.68771282461e-06
6.86505700482e-09	-3.60365061169e-06
6.90963346505e-09	-3.6249234654e-06
6.95420992528e-09	-2.13274665839e-06
6.99878638551e-09	-6.96166324587e-08
7.04336284574e-09	1.57881731866e-06
7.08793930597e-09	2.21221580432e-06
7.13251576619e-09	1.78821812824e-06
7.17709222642e-09	7.19023262263e-07
7.22166868665e-09	-4.03754313538e-07
7.26624514688e-09	-1.09993163733e-06
7.31082160711e-09	-1.17866738947e-06
7.35539806734e-09	-7.52474250021e-07
7.39997452757e-09	-1.18837171215e-07
7.4445509878e-09	4.09066927887e-07
7.48912744803e-09	6.38181120394e-07
7.53370390826e-09	5.47630179426e-07
7.57828036849e-09	2.55142481365e-07
7.62285682872e-09	-6.69821673682e-08
