% time-domain voltage integration by openEMS v0.37.0-rc2-21-gd59e7e7 @Sun Sep 20 14:36:27 2026
% start-coordinates: (-0.0240883,-0.018,0) m -> [17,49,4]
% stop-coordinates: (-0.0240883,-0.018,-0.0016) m -> [17,49,0]
% t/s	voltage
0	0
4.54494606947e-11	-1.10883766524e-06
9.08989213894e-11	-5.66682922454e-06
1.36348382084e-10	-7.23916775769e-06
1.81797842779e-10	-5.42236887213e-06
2.27247303474e-10	6.38194464386e-07
2.72696764168e-10	8.56117048897e-06
3.18146224863e-10	1.47841071794e-05
3.63595685558e-10	1.50532487169e-05
4.09045146252e-10	6.77842479035e-06
4.54494606947e-10	-8.55229177432e-06
4.99944067642e-10	-2.45595256274e-05
5.45393528337e-10	-3.20156677844e-05
5.90842989031e-10	-2.34662056755e-05
6.36292449726e-10	1.66112286593e-06
6.81741910421e-10	3.45954786098e-05
7.27191371115e-10	5.92008336753e-05
7.7264083181e-10	5.82978200327e-05
8.18090292505e-10	2.40665776801e-05
8.635397532e-10	-3.53192208422e-05
9.08989213894e-10	-9.44085040828e-05
9.54438674589e-10	-0.000119142805488
9.99888135284e-10	-8.4801509729e-05
1.04533759598e-09	8.08023105492e-06
1.09078705667e-09	0.000125362523249
1.13623651737e-09	0.000208567096706
1.18168597806e-09	0.000200682228751
1.22713543876e-09	7.88148881838e-05
1.27258489945e-09	-0.00012267038619
1.31803436015e-09	-0.000314719021844
1.36348382084e-09	-0.000387927997508
1.40893328154e-09	-0.000268126976152
1.45438274223e-09	3.22296218656e-05
1.49983220293e-09	0.000397078452806
1.54528166362e-09	0.00064309775189
1.59073112431e-09	0.00060364343517
1.63618058501e-09	0.000225439627684
1.6816300457e-09	-0.000372320733732
1.7270795064e-09	-0.000919682061067
1.77252896709e-09	-0.00110644588131
1.81797842779e-09	-0.00074265008152
1.86342788848e-09	0.000108030379124
1.90887734918e-09	0.00110214744927
1.95432680987e-09	0.0017377845943
