% time-domain current integration by openEMS v0.37.0-rc2-21-gd59e7e7 @Sun Sep 20 14:36:27 2026
% start-coordinates: (0.0240257,-0.019724,-0.0004) m -> [74,41,3]
% stop-coordinates: (0.0240257,-0.0164315,0) m -> [74,54,4]
% t/s	current
3.31747888283e-14	-0
4.54826354835e-11	-0
9.09320961783e-11	-0
1.36381556873e-10	1.26294560166e-24
1.81831017568e-10	5.68399900714e-14
2.27280478262e-10	2.93430946208e-10
2.72729938957e-10	1.18532197946e-10
3.18179399652e-10	1.22618848408e-09
3.63628860347e-10	5.96086469073e-09
4.09078321041e-10	5.50727214943e-08
4.54527781736e-10	1.21617532045e-07
4.99977242431e-10	1.20381955071e-07
5.45426703125e-10	4.73660115574e-08
5.9087616382e-10	-8.21543721941e-08
6.36325624515e-10	-2.18815415565e-07
6.8177508521e-10	-2.81816824099e-07
7.27224545904e-10	-2.03277025435e-07
7.72674006599e-10	2.39569875049e-08
8.18123467294e-10	3.21562339423e-07
8.63572927988e-10	5.4217827028e-07
9.09022388683e-10	5.28001123712e-07
9.54471849378e-10	2.04021048944e-07
9.99921310072e-10	-3.5110096519e-07
1.04537077077e-09	-8.98811379102e-07
1.09082023146e-09	-1.12110251393e-06
1.13626969216e-09	-7.79840945597e-07
1.18171915285e-09	1.19633895679e-07
1.22716861355e-09	1.25052019939e-06
1.27261807424e-09	2.04328330256e-06
1.31806753494e-09	1.93859523279e-06
1.36351699563e-09	7.09514779373e-07
1.40896645632e-09	-1.3058162267e-06
1.45441591702e-09	-3.21411584991e-06
1.49986537771e-09	-3.91033927372e-06
1.54531483841e-09	-2.63649053522e-06
1.5907642991e-09	4.82641496546e-07
1.6362137598e-09	4.24919426223e-06
1.68166322049e-09	6.75358978697e-06
1.72711268119e-09	6.2434096435e-06
1.77256214188e-09	2.1520138489e-06
1.81801160258e-09	-4.2535070861e-06
1.86346106327e-09	-1.00736579043e-05
1.90891052397e-09	-1.1948752217e-05
1.95435998466e-09	-7.80338723416e-06
