% time-domain voltage integration by openEMS v0.37.0-rc2-21-gd59e7e7 @Sun Sep 20 14:36:27 2026
% start-coordinates: (0.0260171,-0.018,0) m -> [76,49,4]
% stop-coordinates: (0.0260171,-0.018,-0.0016) m -> [76,49,0]
% t/s	voltage
0	0
4.54494606947e-11	0
9.08989213894e-11	0
1.36348382084e-10	-4.22759702837e-29
1.81797842779e-10	-3.92067343016e-16
2.27247303474e-10	-5.29076997491e-10
2.72696764168e-10	-9.24235399324e-09
3.18146224863e-10	-3.21879802812e-08
3.63595685558e-10	-1.78283254826e-07
4.09045146252e-10	-1.64696817251e-06
4.54494606947e-10	-5.31421926553e-06
4.99944067642e-10	-5.69318513044e-06
5.45393528337e-10	-3.55615071612e-06
5.90842989031e-10	1.75346616516e-06
6.36292449726e-10	8.28881866255e-06
6.81741910421e-10	1.26618231207e-05
7.27191371115e-10	1.13421178867e-05
7.7264083181e-10	2.80368703898e-06
8.18090292505e-10	-1.04701316559e-05
8.635397532e-10	-2.26018019021e-05
9.08989213894e-10	-2.59863368228e-05
9.54438674589e-10	-1.56043845436e-05
9.99888135284e-10	7.40480413697e-06
1.04533759598e-09	3.42394423569e-05
1.09078705667e-09	5.07570121044e-05
1.13623651737e-09	4.39758941866e-05
1.18168597806e-09	9.88305555438e-06
1.22713543876e-09	-4.11731789427e-05
1.27258489945e-09	-8.56835795275e-05
1.31803436015e-09	-9.62566628004e-05
1.36348382084e-09	-5.60042362849e-05
1.40893328154e-09	2.8430571092e-05
1.45438274223e-09	0.000123180556329
1.49983220293e-09	0.000178214639163
1.54528166362e-09	0.000150551244587
1.59073112431e-09	3.09002953145e-05
1.63618058501e-09	-0.000141085725772
1.6816300457e-09	-0.000284918554826
1.7270795064e-09	-0.000312609481625
1.77252896709e-09	-0.000175980920176
1.81797842779e-09	9.52203790803e-05
1.86342788848e-09	0.000388407017454
1.90887734918e-09	0.000548254116438
1.95432680987e-09	0.000451545558462
