% time-domain current integration by openEMS v0.37.0-rc2-21-gd59e7e7 @Sun Sep 20 14:36:27 2026
% start-coordinates: (-0.0260589,-0.019724,-0.0004) m -> [15,41,3]
% stop-coordinates: (-0.0260589,-0.0164315,0) m -> [15,54,4]
% t/s	current
3.31747888283e-14	0
4.54826354835e-11	-6.11072152878e-08
9.09320961783e-11	-1.41524893138e-07
1.36381556873e-10	-1.76747974479e-07
1.81831017568e-10	-1.17449147297e-07
2.27280478262e-10	3.10374446144e-08
2.72729938957e-10	2.19303998961e-07
3.18179399652e-10	3.48144482132e-07
3.63628860347e-10	3.15101971182e-07
4.09078321041e-10	8.53505284226e-08
4.54527781736e-10	-2.81567224647e-07
4.99977242431e-10	-6.19418017322e-07
5.45426703125e-10	-7.25103973309e-07
5.9087616382e-10	-4.55080225947e-07
6.36325624515e-10	1.7031624111e-07
6.8177508521e-10	9.16777992188e-07
7.27224545904e-10	1.39514395414e-06
7.72674006599e-10	1.24295456772e-06
8.18123467294e-10	3.30853367814e-07
8.63572927988e-10	-1.07101607227e-06
9.09022388683e-10	-2.32028241953e-06
9.54471849378e-10	-2.66702659246e-06
9.99921310072e-10	-1.62083608757e-06
1.04537077077e-09	6.65189645588e-07
1.09082023146e-09	3.28614305545e-06
1.13626969216e-09	4.87149827677e-06
1.18171915285e-09	4.21951108365e-06
1.22716861355e-09	1.02809133296e-06
1.27261807424e-09	-3.66827703147e-06
1.31806753494e-09	-7.69064445194e-06
1.36351699563e-09	-8.61323405843e-06
1.40896645632e-09	-5.05306388732e-06
1.45441591702e-09	2.26449878937e-06
1.49986537771e-09	1.0331204976e-05
1.54531483841e-09	1.49122615767e-05
1.5907642991e-09	1.25719907373e-05
1.6362137598e-09	2.78802713183e-06
1.68166322049e-09	-1.10064402179e-05
1.72711268119e-09	-2.23108072532e-05
1.77256214188e-09	-2.43638387474e-05
1.81801160258e-09	-1.37937795444e-05
1.86346106327e-09	6.71445241096e-06
1.90891052397e-09	2.8442542316e-05
1.95435998466e-09	3.99777854909e-05
