% time-domain current integration by openEMS v0.37.0-rc2-21-gd59e7e7 @Sun Sep 20 14:36:27 2026
% start-coordinates: (0.0250214,-0.019724,-0.0004) m -> [75,41,3]
% stop-coordinates: (0.0250214,-0.0164315,0) m -> [75,54,4]
% t/s	current
3.31747888283e-14	-0
4.54826354835e-11	-0
9.09320961783e-11	-0
1.36381556873e-10	1.49242782744e-25
1.81831017568e-10	1.71969745031e-14
2.27280478262e-10	2.40952979791e-10
2.72729938957e-10	1.59538632305e-10
3.18179399652e-10	9.45715616929e-10
3.63628860347e-10	4.45708936425e-09
4.09078321041e-10	4.33836895297e-08
4.54527781736e-10	1.18051140419e-07
4.99977242431e-10	1.22474688169e-07
5.45426703125e-10	6.0597685092e-08
5.9087616382e-10	-6.26490077593e-08
6.36325624515e-10	-2.00806823614e-07
6.8177508521e-10	-2.78116914387e-07
7.27224545904e-10	-2.21296417635e-07
7.72674006599e-10	-1.36277531482e-08
8.18123467294e-10	2.79592910601e-07
8.63572927988e-10	5.18385377291e-07
9.09022388683e-10	5.42696568573e-07
9.54471849378e-10	2.62198710743e-07
9.99921310072e-10	-2.67593833314e-07
1.04537077077e-09	-8.2959206793e-07
1.09082023146e-09	-1.11043675588e-06
1.13626969216e-09	-8.54358290781e-07
1.18171915285e-09	-2.5556134986e-08
1.22716861355e-09	1.09391999104e-06
1.27261807424e-09	1.9605952275e-06
1.31806753494e-09	2.00083536583e-06
1.36351699563e-09	9.26923519273e-07
1.40896645632e-09	-1.00679699244e-06
1.45441591702e-09	-2.97661426885e-06
1.49986537771e-09	-3.88649186789e-06
1.54531483841e-09	-2.90396405944e-06
1.5907642991e-09	-1.30781794283e-08
1.6362137598e-09	3.73476905224e-06
1.68166322049e-09	6.50097626931e-06
1.72711268119e-09	6.46711441732e-06
1.77256214188e-09	2.86160388896e-06
1.81801160258e-09	-3.3155051824e-06
1.86346106327e-09	-9.36156448006e-06
1.90891052397e-09	-1.19143978736e-05
1.95435998466e-09	-8.6439831648e-06
