% time-domain voltage integration by openEMS v0.37.0-rc2-21-gd59e7e7 @Sun Sep 20 14:36:27 2026
% start-coordinates: (-0.0260589,-0.018,0) m -> [15,49,4]
% stop-coordinates: (-0.0260589,-0.018,-0.0016) m -> [15,49,0]
% t/s	voltage
0	0
4.54494606947e-11	-2.99075759358e-06
9.08989213894e-11	-6.74293721659e-06
1.36348382084e-10	-7.34967250082e-06
1.81797842779e-10	-4.11564019487e-06
2.27247303474e-10	2.97543789429e-06
2.72696764168e-10	1.09279292246e-05
3.18146224863e-10	1.57427680278e-05
3.63595685558e-10	1.3536440747e-05
4.09045146252e-10	2.64238576619e-06
4.54494606947e-10	-1.35791415232e-05
4.99944067642e-10	-2.79618034256e-05
5.45393528337e-10	-3.12939746436e-05
5.90842989031e-10	-1.75911864062e-05
6.36292449726e-10	1.11858632863e-05
6.81741910421e-10	4.36150166934e-05
7.27191371115e-10	6.22877414571e-05
7.7264083181e-10	5.17408643645e-05
8.18090292505e-10	8.28925817586e-06
8.635397532e-10	-5.42960187886e-05
9.08989213894e-10	-0.000106862657049
9.54438674589e-10	-0.000115872337119
9.99888135284e-10	-6.27291201454e-05
1.04533759598e-09	4.23637047788e-05
1.09078705667e-09	0.000156337991939
1.13623651737e-09	0.00021787008518
1.18168597806e-09	0.000176579356776
1.22713543876e-09	2.48429887506e-05
1.27258489945e-09	-0.000185074706678
1.31803436015e-09	-0.00035330933315
1.36348382084e-09	-0.00037452273682
1.40893328154e-09	-0.000195627548237
1.45438274223e-09	0.000140078038385
1.49983220293e-09	0.000490436796099
1.54528166362e-09	0.000666819920298
1.59073112431e-09	0.000526397110661
1.63618058501e-09	6.33643685433e-05
1.6816300457e-09	-0.000552408557269
1.7270795064e-09	-0.00102426976082
1.77252896709e-09	-0.00106014841003
1.81797842779e-09	-0.000533965125214
1.86342788848e-09	0.000405020015023
1.90887734918e-09	0.00134802341927
1.95432680987e-09	0.00178854519618
