% time-domain voltage integration by openEMS v0.37.0-rc2-21-gd59e7e7 @Sun Sep 20 14:36:27 2026
% start-coordinates: (0,-0.00294997,0) m -> [47,79,4]
% stop-coordinates: (0,-0.00294997,-0.0016) m -> [47,79,0]
% t/s	voltage
0	0
4.54494606947e-11	0
9.08989213894e-11	-1.15145457411e-21
1.36348382084e-10	1.57274024533e-11
1.81797842779e-10	-9.63730248382e-10
2.27247303474e-10	-3.60760727958e-08
2.72696764168e-10	-6.1774640514e-08
3.18146224863e-10	-2.6664423558e-07
3.63595685558e-10	-1.89341866985e-06
4.09045146252e-10	-3.65157831084e-06
4.54494606947e-10	-3.70694965568e-06
4.99944067642e-10	-1.72317615466e-06
5.45393528337e-10	2.11995802601e-06
5.90842989031e-10	5.88056468587e-06
6.36292449726e-10	7.54877555664e-06
6.81741910421e-10	5.61018157441e-06
7.27191371115e-10	-3.62717123892e-07
7.7264083181e-10	-8.27517806101e-06
8.18090292505e-10	-1.42479855185e-05
8.635397532e-10	-1.42505775784e-05
9.08989213894e-10	-6.11266409578e-06
9.54438674589e-10	8.47695855555e-06
9.99888135284e-10	2.31956878451e-05
1.04533759598e-09	2.97968440464e-05
1.09078705667e-09	2.16150751839e-05
1.13623651737e-09	-1.52798199338e-06
1.18168597806e-09	-3.14158205583e-05
1.22713543876e-09	-5.3271221077e-05
1.27258489945e-09	-5.21277152075e-05
1.31803436015e-09	-2.13751504816e-05
1.36348382084e-09	3.08943572236e-05
1.40893328154e-09	8.19793367555e-05
1.45438274223e-09	0.000102852076452
1.49983220293e-09	7.27985843696e-05
1.54528166362e-09	-6.43845442028e-06
1.59073112431e-09	-0.000105088503915
1.63618058501e-09	-0.000173971890035
1.6816300457e-09	-0.000166552454175
1.7270795064e-09	-6.56740267004e-05
1.77252896709e-09	9.87076928141e-05
1.81797842779e-09	0.000253406928096
1.86342788848e-09	0.000311049370794
1.90887734918e-09	0.000214698982745
1.95432680987e-09	-2.27467257901e-05
