% time-domain current integration by openEMS v0.37.0-rc2-21-gd59e7e7 @Sun Sep 20 14:36:27 2026
% start-coordinates: (-0.00237447,-0.00393997,-0.0004) m -> [44,78,3]
% stop-coordinates: (0.00145,-0.00393997,0) m -> [49,78,4]
% t/s	current
3.31747888283e-14	-0
4.54826354835e-11	-0
9.09320961783e-11	3.58155763551e-20
1.36381556873e-10	8.68452115776e-11
1.81831017568e-10	3.02586344869e-10
2.27280478262e-10	4.20777857002e-10
2.72729938957e-10	2.05055838975e-09
3.18179399652e-10	9.10330388848e-09
3.63628860347e-10	4.50922357231e-08
4.09078321041e-10	8.42900007569e-08
4.54527781736e-10	7.80264741707e-08
4.99977242431e-10	2.60415848885e-08
5.45426703125e-10	-6.25412681643e-08
5.9087616382e-10	-1.42593535202e-07
6.36325624515e-10	-1.66018452319e-07
6.8177508521e-10	-1.05403898942e-07
7.27224545904e-10	3.90225309843e-08
7.72674006599e-10	2.13697632034e-07
8.18123467294e-10	3.27997184968e-07
8.63572927988e-10	2.95643417303e-07
9.09022388683e-10	8.3552137653e-08
9.54471849378e-10	-2.52330295325e-07
9.99921310072e-10	-5.60362025226e-07
1.04537077077e-09	-6.53955737562e-07
1.09082023146e-09	-4.06571075473e-07
1.13626969216e-09	1.5381036178e-07
1.18171915285e-09	8.10818960417e-07
1.22716861355e-09	1.2231242863e-06
1.27261807424e-09	1.07800906335e-06
1.31806753494e-09	2.82102490701e-07
1.36351699563e-09	-9.19457136206e-07
1.40896645632e-09	-1.97613326236e-06
1.45441591702e-09	-2.25049780056e-06
1.49986537771e-09	-1.35565983328e-06
1.54531483841e-09	5.54178029688e-07
1.5907642991e-09	2.71069893643e-06
1.6362137598e-09	3.98700467485e-06
1.68166322049e-09	3.42775297213e-06
1.72711268119e-09	8.31184195249e-07
1.77256214188e-09	-2.92922550216e-06
1.81801160258e-09	-6.09965718468e-06
1.86346106327e-09	-6.78426522427e-06
1.90891052397e-09	-3.95808638132e-06
1.95435998466e-09	1.73955243099e-06
