% time-domain voltage integration by openEMS v0.37.0-rc2-21-gd59e7e7 @Sun Sep 20 14:36:27 2026
% start-coordinates: (-0.0250736,-0.018,0) m -> [16,49,4]
% stop-coordinates: (-0.0250736,-0.018,-0.0016) m -> [16,49,0]
% t/s	voltage
0	0
4.54494606947e-11	-2.22356749191e-06
9.08989213894e-11	-6.11295558883e-06
1.36348382084e-10	-7.36774165944e-06
1.81797842779e-10	-4.88567513912e-06
2.27247303474e-10	1.67524984818e-06
2.72696764168e-10	9.69397933659e-06
3.18146224863e-10	1.53398273142e-05
3.63595685558e-10	1.44688258388e-05
4.09045146252e-10	4.86199735406e-06
4.54494606947e-10	-1.10366852368e-05
4.99944067642e-10	-2.63689585154e-05
5.45393528337e-10	-3.18494257954e-05
5.90842989031e-10	-2.07053458325e-05
6.36292449726e-10	6.35418700767e-06
6.81741910421e-10	3.9238860154e-05
7.27191371115e-10	6.10715924267e-05
7.7264083181e-10	5.54356538487e-05
8.18090292505e-10	1.6459503513e-05
8.635397532e-10	-4.47939319201e-05
9.08989213894e-10	-0.000101047058706
9.54438674589e-10	-0.000118194649986
9.99888135284e-10	-7.44430999475e-05
1.04533759598e-09	2.49184381573e-05
1.09078705667e-09	0.00014121760978
1.13623651737e-09	0.000214232899452
1.18168597806e-09	0.000189906877495
1.22713543876e-09	5.27464126208e-05
1.27258489945e-09	-0.000153958157171
1.31803436015e-09	-0.000335308664944
1.36348382084e-09	-0.00038337600563
1.40893328154e-09	-0.000233944560023
1.45438274223e-09	8.53436649777e-05
1.49983220293e-09	0.000444995581347
1.54528166362e-09	0.000658097778796
1.59073112431e-09	0.000568843111978
1.63618058501e-09	0.000146986520122
1.6816300457e-09	-0.000462763076939
1.7270795064e-09	-0.000975865958026
1.77252896709e-09	-0.00108942773659
1.81797842779e-09	-0.000643874896923
1.86342788848e-09	0.000254691869486
1.90887734918e-09	0.00122883715085
1.95432680987e-09	0.00177176695433
