% time-domain current integration by openEMS v0.37.0-rc2-21-gd59e7e7 @Sun Sep 20 14:36:27 2026
% start-coordinates: (-0.0250736,-0.019724,-0.0004) m -> [16,41,3]
% stop-coordinates: (-0.0250736,-0.0164315,0) m -> [16,54,4]
% t/s	current
3.31747888283e-14	0
4.54826354835e-11	-4.08686773312e-08
9.09320961783e-11	-1.30268290377e-07
1.36381556873e-10	-1.76171639055e-07
1.81831017568e-10	-1.3045921321e-07
2.27280478262e-10	7.59405605066e-09
2.72729938957e-10	1.96229564153e-07
3.18179399652e-10	3.38885740803e-07
3.63628860347e-10	3.31375531459e-07
4.09078321041e-10	1.25610483792e-07
4.54527781736e-10	-2.29259029538e-07
4.99977242431e-10	-5.82372365443e-07
5.45426703125e-10	-7.30032752472e-07
5.9087616382e-10	-5.14910084348e-07
6.36325624515e-10	7.23221518228e-08
6.8177508521e-10	8.2344178054e-07
7.27224545904e-10	1.36189737532e-06
7.72674006599e-10	1.30917283059e-06
8.18123467294e-10	4.90978493417e-07
8.63572927988e-10	-8.76664728366e-07
9.09022388683e-10	-2.19177218241e-06
9.54471849378e-10	-2.69830138677e-06
9.99921310072e-10	-1.84554619409e-06
1.04537077077e-09	3.13193936563e-07
1.09082023146e-09	2.9652626381e-06
1.13626969216e-09	4.77171170132e-06
1.18171915285e-09	4.46327430836e-06
1.22716861355e-09	1.58065790856e-06
1.27261807424e-09	-3.02398234453e-06
1.31806753494e-09	-7.28675922801e-06
1.36351699563e-09	-8.74194847711e-06
1.40896645632e-09	-5.79218431085e-06
1.45441591702e-09	1.1544731251e-06
1.49986537771e-09	9.36081141845e-06
1.54531483841e-09	1.46521306306e-05
1.5907642991e-09	1.33515268317e-05
1.6362137598e-09	4.45110072178e-06
1.68166322049e-09	-9.14156134968e-06
1.72711268119e-09	-2.12078193726e-05
1.77256214188e-09	-2.48100277531e-05
1.81801160258e-09	-1.59241481015e-05
1.86346106327e-09	3.64808397535e-06
1.90891052397e-09	2.58731215581e-05
1.95435998466e-09	3.94020389649e-05
