% time-domain voltage integration by openEMS v0.37.0-rc2-21-gd59e7e7 @Sun Sep 20 14:36:27 2026
% start-coordinates: (0,-0.00492996,0) m -> [47,77,4]
% stop-coordinates: (0,-0.00492996,-0.0016) m -> [47,77,0]
% t/s	voltage
0	0
4.54494606947e-11	0
9.08989213894e-11	-1.85033351712e-20
1.36348382084e-10	1.76152394754e-10
1.81797842779e-10	2.07504166627e-09
2.27247303474e-10	-2.00495473557e-08
2.72696764168e-10	-8.16920930902e-08
3.18146224863e-10	-5.82679376748e-07
3.63595685558e-10	-2.49178037848e-06
4.09045146252e-10	-4.0221823383e-06
4.54494606947e-10	-3.27577447479e-06
4.99944067642e-10	-6.8873302439e-07
5.45393528337e-10	3.2402227248e-06
5.90842989031e-10	6.58976966861e-06
6.36292449726e-10	7.30642364033e-06
6.81741910421e-10	4.13585200931e-06
7.27191371115e-10	-2.68572313189e-06
7.7264083181e-10	-1.03652000689e-05
8.18090292505e-10	-1.4883791664e-05
8.635397532e-10	-1.2554394516e-05
9.08989213894e-10	-2.16491986293e-06
9.54438674589e-10	1.30799235194e-05
9.99888135284e-10	2.61623258666e-05
1.04533759598e-09	2.87607094833e-05
1.09078705667e-09	1.58760399245e-05
1.13623651737e-09	-1.02734338725e-05
1.18168597806e-09	-3.91534131268e-05
1.22713543876e-09	-5.52814663024e-05
1.27258489945e-09	-4.54507808172e-05
1.31803436015e-09	-7.05854802163e-06
1.36348382084e-09	4.71804178233e-05
1.40893328154e-09	9.16713397601e-05
1.45438274223e-09	9.85571277852e-05
1.49983220293e-09	5.27719466845e-05
1.54528166362e-09	-3.56466989615e-05
1.59073112431e-09	-0.000129882908368
1.63618058501e-09	-0.000179338214366
1.6816300457e-09	-0.000144063644257
1.7270795064e-09	-2.00867898457e-05
1.77252896709e-09	0.000148563842231
1.81797842779e-09	0.000281273045402
1.86342788848e-09	0.000295865866065
1.90887734918e-09	0.000153607608809
1.95432680987e-09	-0.00010814477173
