% time-domain voltage integration by openEMS v0.37.0-rc2-21-gd59e7e7 @Sun Sep 20 14:36:27 2026
% start-coordinates: (0.0250214,-0.018,0) m -> [75,49,4]
% stop-coordinates: (0.0250214,-0.018,-0.0016) m -> [75,49,0]
% t/s	voltage
0	0
4.54494606947e-11	0
9.08989213894e-11	0
1.36348382084e-10	-4.07588346558e-28
1.81797842779e-10	-1.58839829611e-15
2.27247303474e-10	-7.94955504202e-10
2.72696764168e-10	-8.64775895337e-09
3.18146224863e-10	-4.23045412035e-08
3.63595685558e-10	-2.26491742694e-07
4.09045146252e-10	-2.18027128085e-06
4.54494606947e-10	-5.52392748432e-06
4.99944067642e-10	-5.49935077743e-06
5.45393528337e-10	-2.95977343967e-06
5.90842989031e-10	2.67773253881e-06
6.36292449726e-10	9.12427549338e-06
6.81741910421e-10	1.28579970351e-05
7.27191371115e-10	1.04509770154e-05
7.7264083181e-10	1.03472018509e-06
8.18090292505e-10	-1.24618102291e-05
8.635397532e-10	-2.36772093558e-05
9.08989213894e-10	-2.52490713137e-05
9.54438674589e-10	-1.28095275613e-05
9.99888135284e-10	1.13228934424e-05
1.04533759598e-09	3.74827095584e-05
1.09078705667e-09	5.11631760673e-05
1.13623651737e-09	4.0378421545e-05
1.18168597806e-09	3.01156200067e-06
1.22713543876e-09	-4.85125374325e-05
1.27258489945e-09	-8.94549611985e-05
1.31803436015e-09	-9.31448321353e-05
1.36348382084e-09	-4.56385687357e-05
1.40893328154e-09	4.25313874075e-05
1.45438274223e-09	0.000134182140755
1.49983220293e-09	0.000178993104782
1.54528166362e-09	0.000137583247124
1.59073112431e-09	7.36684376079e-06
1.63618058501e-09	-0.00016517523909
1.6816300457e-09	-0.000296312166029
1.7270795064e-09	-0.000301360916637
1.77252896709e-09	-0.000141980766784
1.81797842779e-09	0.00013947487605
1.86342788848e-09	0.000421308301156
1.90887734918e-09	0.00054867027211
1.95432680987e-09	0.000410679152992
