% time-domain voltage integration by openEMS v0.37.0-rc2-21-gd59e7e7 @Sun Sep 20 14:36:27 2026
% start-coordinates: (0.0240257,-0.018,0) m -> [74,49,4]
% stop-coordinates: (0.0240257,-0.018,-0.0016) m -> [74,49,0]
% t/s	voltage
0	0
4.54494606947e-11	0
9.08989213894e-11	0
1.36348382084e-10	-3.17473849286e-27
1.81797842779e-10	-5.5050116492e-15
2.27247303474e-10	-1.03516271943e-09
2.72696764168e-10	-8.76477601608e-09
3.18146224863e-10	-5.22121066382e-08
3.63595685558e-10	-2.99549554938e-07
4.09045146252e-10	-2.79038357576e-06
4.54494606947e-10	-5.64392416891e-06
4.99944067642e-10	-5.28794896582e-06
5.45393528337e-10	-2.32272111589e-06
5.90842989031e-10	3.61943909866e-06
6.36292449726e-10	9.86933036984e-06
6.81741910421e-10	1.28996052808e-05
7.27191371115e-10	9.41401549426e-06
7.7264083181e-10	-7.99001711016e-07
8.18090292505e-10	-1.43521467635e-05
8.635397532e-10	-2.45164510488e-05
9.08989213894e-10	-2.42134583459e-05
9.54438674589e-10	-9.77988202067e-06
9.99888135284e-10	1.52944057845e-05
1.04533759598e-09	4.04137481382e-05
1.09078705667e-09	5.10437785124e-05
1.13623651737e-09	3.62329246855e-05
1.18168597806e-09	-4.14367366375e-06
1.22713543876e-09	-5.55849537704e-05
1.27258489945e-09	-9.23799889279e-05
1.31803436015e-09	-8.89615548658e-05
1.36348382084e-09	-3.44330255757e-05
1.40893328154e-09	5.66149292354e-05
1.45438274223e-09	0.000144132562127
1.49983220293e-09	0.000177933499799
1.54528166362e-09	0.000122799132441
1.59073112431e-09	-1.69332893165e-05
1.63618058501e-09	-0.000188231406355
1.6816300457e-09	-0.000304914625303
1.7270795064e-09	-0.000286648828478
1.77252896709e-09	-0.000105567276478
1.81797842779e-09	0.000183465243026
1.86342788848e-09	0.000450694002211
1.90887734918e-09	0.000543386340723
1.95432680987e-09	0.000364503139281
