% time-domain voltage integration by openEMS v0.37.0-rc2-21-gd59e7e7 @Sun Sep 20 14:36:27 2026
% start-coordinates: (0,-0.00393997,0) m -> [47,78,4]
% stop-coordinates: (0,-0.00393997,-0.0016) m -> [47,78,0]
% t/s	voltage
0	0
4.54494606947e-11	0
9.08989213894e-11	-4.90389943008e-21
1.36348382084e-10	7.2384712807e-11
1.81797842779e-10	1.0869176531e-09
2.27247303474e-10	-3.09184873259e-08
2.72696764168e-10	-7.05012155322e-08
3.18146224863e-10	-3.93178126501e-07
3.63595685558e-10	-2.19870628371e-06
4.09045146252e-10	-3.85246022461e-06
4.54494606947e-10	-3.48204235934e-06
4.99944067642e-10	-1.2259614266e-06
5.45393528337e-10	2.68738676823e-06
5.90842989031e-10	6.27756003269e-06
6.36292449726e-10	7.4714054108e-06
6.81741910421e-10	4.91467187658e-06
7.27191371115e-10	-1.49320172227e-06
7.7264083181e-10	-9.34169088396e-06
8.18090292505e-10	-1.46210090861e-05
8.635397532e-10	-1.3474702655e-05
9.08989213894e-10	-4.19708760546e-06
9.54438674589e-10	1.0785218592e-05
9.99888135284e-10	2.47774587478e-05
1.04533759598e-09	2.94455076073e-05
1.09078705667e-09	1.88968747352e-05
1.13623651737e-09	-5.83855057812e-06
1.18168597806e-09	-3.5397884858e-05
1.22713543876e-09	-5.45338807569e-05
1.27258489945e-09	-4.90985812576e-05
1.31803436015e-09	-1.44179405197e-05
1.36348382084e-09	3.90837330997e-05
1.40893328154e-09	8.71760221344e-05
1.45438274223e-09	0.000101259169242
1.49983220293e-09	6.32813407719e-05
1.54528166362e-09	-2.08942151403e-05
1.59073112431e-09	-0.000117866597066
1.63618058501e-09	-0.000177513280505
1.6816300457e-09	-0.000156282294483
1.7270795064e-09	-4.34716675954e-05
1.77252896709e-09	0.000123854160847
1.81797842779e-09	0.000268471660092
1.86342788848e-09	0.000305115550873
1.90887734918e-09	0.000185564178537
1.95432680987e-09	-6.5122045271e-05
