% time-domain current integration by openEMS v0.37.0-rc2-21-gd59e7e7 @Sun Sep 20 14:36:27 2026
% start-coordinates: (-0.00237447,-0.00492996,-0.0004) m -> [44,77,3]
% stop-coordinates: (0.00145,-0.00492996,0) m -> [49,77,4]
% t/s	current
3.31747888283e-14	-0
4.54826354835e-11	-0
9.09320961783e-11	1.71514361974e-19
1.36381556873e-10	1.08068547167e-10
1.81831017568e-10	3.27109533904e-10
2.27280478262e-10	5.0544107788e-10
2.72729938957e-10	2.33159846985e-09
3.18179399652e-10	1.15631983988e-08
3.63628860347e-10	5.19810683386e-08
4.09078321041e-10	8.74134258311e-08
4.54527781736e-10	7.45428039295e-08
4.99977242431e-10	1.49533114779e-08
5.45426703125e-10	-7.57250120387e-08
5.9087616382e-10	-1.50667005983e-07
6.36325624515e-10	-1.64203797226e-07
6.8177508521e-10	-9.08665924726e-08
7.27224545904e-10	6.30993568507e-08
7.72674006599e-10	2.35890382783e-07
8.18123467294e-10	3.36316986704e-07
8.63572927988e-10	2.80138209519e-07
9.09022388683e-10	4.37798881592e-08
9.54471849378e-10	-3.01407055758e-07
9.99921310072e-10	-5.94139066834e-07
1.04537077077e-09	-6.47537603982e-07
1.09082023146e-09	-3.50469861132e-07
1.13626969216e-09	2.44443242536e-07
1.18171915285e-09	8.95501671039e-07
1.22716861355e-09	1.25185306388e-06
1.27261807424e-09	1.01693092347e-06
1.31806753494e-09	1.37128978395e-07
1.36351699563e-09	-1.09240124857e-06
1.40896645632e-09	-2.08859228223e-06
1.45441591702e-09	-2.22153175855e-06
1.49986537771e-09	-1.15967145575e-06
1.54531483841e-09	8.57076997818e-07
1.5907642991e-09	2.9829484447e-06
1.6362137598e-09	4.06907201977e-06
1.68166322049e-09	3.22086043525e-06
1.72711268119e-09	3.69951919765e-07
1.77256214188e-09	-3.46010142493e-06
1.81801160258e-09	-6.42757322566e-06
1.86346106327e-09	-6.67636504659e-06
1.90891052397e-09	-3.36037805937e-06
1.95435998466e-09	2.62617618318e-06
