% time-domain current integration by openEMS v0.37.0-rc2-21-gd59e7e7 @Mon Sep 21 13:52:18 2026
% start-coordinates: (-0.0239,-0.0209246,-0.000466667) m -> [13,34,12]
% stop-coordinates: (-0.0217,-0.0209246,0) m -> [18,34,13]
% t/s	current
2.43111826168e-14	0
4.54376003108e-11	-3.76207154318e-08
9.08508894391e-11	-6.18183548795e-08
1.36264178567e-10	-5.16127514061e-08
1.81677467696e-10	-8.59551541055e-09
2.27090756824e-10	5.6322299713e-08
2.72504045952e-10	1.12076612879e-07
3.1791733508e-10	1.22403150726e-07
3.63330624208e-10	6.34688746004e-08
4.08743913337e-10	-5.47930270045e-08
4.54157202465e-10	-1.85400082842e-07
4.99570491593e-10	-2.57717630348e-07
5.44983780721e-10	-2.08568721405e-07
5.9039706985e-10	-2.46311042673e-08
6.35810358978e-10	2.35203373222e-07
6.81223648106e-10	4.47082982191e-07
7.26636937234e-10	4.77327887438e-07
7.72050226362e-10	2.48792048296e-07
8.17463515491e-10	-1.96795767238e-07
8.62876804619e-10	-6.78890899053e-07
9.08290093747e-10	-9.3436494808e-07
9.53703382875e-10	-7.4570544939e-07
9.99116672004e-10	-7.97806123387e-08
1.04452996113e-09	8.37539971599e-07
1.08994325026e-09	1.56826786224e-06
1.13535653939e-09	1.64770722222e-06
1.18076982852e-09	8.3740764012e-07
1.22618311764e-09	-6.74511795751e-07
1.27159640677e-09	-2.25193571168e-06
1.3170096959e-09	-3.03786168843e-06
