% time-domain current integration by openEMS v0.37.0-rc2-21-gd59e7e7 @Mon Sep 21 13:52:18 2026
% start-coordinates: (0.0212,-0.0209246,-0.000466667) m -> [89,34,12]
% stop-coordinates: (0.0233,-0.0209246,0) m -> [94,34,13]
% t/s	current
2.43111826168e-14	0
4.54376003108e-11	0
9.08508894391e-11	1.03053554662e-32
1.36264178567e-10	1.61466979059e-16
1.81677467696e-10	2.46484447436e-11
2.27090756824e-10	-2.14883024569e-11
2.72504045952e-10	2.31602487188e-10
3.1791733508e-10	2.30801355805e-09
3.63330624208e-10	1.18357936785e-08
4.08743913337e-10	2.85124954758e-08
4.54157202465e-10	3.75438382605e-08
4.99570491593e-10	2.48536586867e-08
5.44983780721e-10	-9.39255695442e-09
5.9039706985e-10	-5.17395370991e-08
6.35810358978e-10	-8.21091461489e-08
6.81223648106e-10	-7.80165834158e-08
7.26636937234e-10	-2.91456743184e-08
7.72050226362e-10	5.31931192427e-08
8.17463515491e-10	1.35211962515e-07
8.62876804619e-10	1.70370981323e-07
9.08290093747e-10	1.20543901971e-07
9.53703382875e-10	-1.73141234683e-08
9.99116672004e-10	-1.9502824955e-07
1.04452996113e-09	-3.23831045534e-07
1.08994325026e-09	-3.11513673523e-07
1.13535653939e-09	-1.17971836744e-07
1.18076982852e-09	2.07135812502e-07
1.22618311764e-09	5.23745995906e-07
1.27159640677e-09	6.48813227144e-07
1.3170096959e-09	4.49004659231e-07
