% time-domain voltage integration by openEMS v0.37.0-rc2-21-gd59e7e7 @Mon Sep 21 13:52:18 2026
% start-coordinates: (0.0225,-0.0218,0) m -> [92,32,13]
% stop-coordinates: (0.0225,-0.02,0) m -> [92,37,13]
% t/s	voltage
0	-0
4.54132891282e-11	-0
9.08265782565e-11	-3.67469283323e-32
1.36239867385e-10	-2.99548945456e-15
1.81653156513e-10	-1.04135462753e-09
2.27066445641e-10	9.44571712513e-10
2.72479734769e-10	-9.63622470707e-09
3.17893023898e-10	-1.03171787558e-07
3.63306313026e-10	-5.52255166042e-07
4.08719602154e-10	-1.3811909696e-06
4.54132891282e-10	-1.87983431488e-06
4.9954618041e-10	-1.30939272935e-06
5.44959469539e-10	3.59559628293e-07
5.90372758667e-10	2.48171636485e-06
6.35786047795e-10	4.06509286677e-06
6.81199336923e-10	3.9737973907e-06
7.26612626052e-10	1.6421760165e-06
7.7202591518e-10	-2.42474237666e-06
8.17439204308e-10	-6.58995952563e-06
8.62852493436e-10	-8.53362485032e-06
9.08265782565e-10	-6.29003864105e-06
9.53679071693e-10	4.15738679038e-07
9.99092360821e-10	9.30953592615e-06
1.04450564995e-09	1.60153397246e-05
1.08991893908e-09	1.58604293574e-05
1.13533222821e-09	6.63289381464e-06
1.18074551733e-09	-9.44152975535e-06
1.22615880646e-09	-2.55451495832e-05
1.27157209559e-09	-3.25315759255e-05
1.31698538472e-09	-2.34548574554e-05
