% time-domain voltage integration by openEMS v0.37.0-rc2-21-gd59e7e7 @Mon Sep 21 13:52:18 2026
% start-coordinates: (-0.0225,-0.0218,0) m -> [16,32,13]
% stop-coordinates: (-0.0225,-0.02,0) m -> [16,37,13]
% t/s	voltage
0	-0
4.54132891282e-11	-2.10005060808e-06
9.08265782565e-11	-2.28745690833e-06
1.36239867385e-10	-1.60011384764e-06
1.81653156513e-10	3.45487499942e-07
2.27066445641e-10	2.87516246544e-06
2.72479734769e-10	4.73442503335e-06
3.17893023898e-10	4.61349708303e-06
3.63306313026e-10	1.85940754704e-06
4.08719602154e-10	-2.97538468885e-06
4.54132891282e-10	-7.83305506502e-06
4.9954618041e-10	-9.87072405678e-06
5.44959469539e-10	-6.90415834015e-06
5.90372758667e-10	1.18847241026e-06
6.35786047795e-10	1.15591549275e-05
6.81199336923e-10	1.90829318854e-05
7.26612626052e-10	1.82747323834e-05
7.7202591518e-10	6.68798111292e-06
8.17439204308e-10	-1.25402477806e-05
8.62852493436e-10	-3.09116985591e-05
9.08265782565e-10	-3.77964001927e-05
9.53679071693e-10	-2.56310700024e-05
9.99092360821e-10	4.76988554965e-06
1.04450564995e-09	4.19695074925e-05
1.08991893908e-09	6.71722436891e-05
1.13533222821e-09	6.25561842753e-05
1.18074551733e-09	2.17376266392e-05
1.22615880646e-09	-4.31469843534e-05
1.27157209559e-09	-0.000102978743598
1.31698538472e-09	-0.000123154226458
