% time-domain voltage integration by openEMS v0.37.0-rc2-21-gd59e7e7 @Sat Sep 19 15:11:25 2026
% start-coordinates: (0,-0.00925,3.5e-05) m -> [26,29,23]
% stop-coordinates: (0,-0.00925,-0.0016) m -> [26,29,21]
% t/s	voltage
0	0
4.16328204964e-11	0
8.32656409929e-11	5.78394117329e-24
1.24898461489e-10	-8.49579128294e-16
1.66531281986e-10	-5.26660475213e-13
2.08164102482e-10	1.58646858671e-12
2.49796922979e-10	3.90678591908e-12
2.91429743475e-10	8.652912371e-13
3.33062563972e-10	-6.26484541327e-12
3.74695384468e-10	-2.19838088705e-11
4.16328204964e-10	-2.49150040876e-11
4.57961025461e-10	-1.78497234354e-11
4.99593845957e-10	-5.57466703008e-12
5.41226666454e-10	5.47761905278e-11
5.8285948695e-10	9.40513777969e-11
6.24492307447e-10	1.13488531073e-10
6.66125127943e-10	6.99844210361e-11
7.0775794844e-10	-4.37701958012e-11
7.49390768936e-10	-1.80339340683e-10
7.91023589432e-10	-3.38535977029e-10
8.32656409929e-10	-3.68353264557e-10
8.74289230425e-10	-2.02230260316e-10
9.15922050922e-10	1.59573659841e-10
9.57554871418e-10	6.32342733731e-10
9.99187691915e-10	1.01177954903e-09
1.04082051241e-09	1.02201092034e-09
1.08245333291e-09	4.97930197074e-10
1.1240861534e-09	-5.55894830168e-10
1.1657189739e-09	-1.82360126999e-09
1.2073517944e-09	-2.71232991622e-09
1.24898461489e-09	-2.57165844175e-09
1.29061743539e-09	-1.04968633785e-09
1.33225025589e-09	1.67817948427e-09
1.37388307638e-09	4.65511673653e-09
1.41551589688e-09	6.46509246138e-09
1.45714871738e-09	5.74934500008e-09
1.49878153787e-09	1.88735338469e-09
1.54041435837e-09	-4.28892255044e-09
1.58204717886e-09	-1.05334851952e-08
1.62367999936e-09	-1.37591689153e-08
1.66531281986e-09	-1.14313589705e-08
1.70694564035e-09	-2.92019364245e-09
1.74857846085e-09	9.52545597954e-09
1.79021128135e-09	2.1089608282e-08
1.83184410184e-09	2.60418850928e-08
1.87347692234e-09	2.030489199e-08
1.91510974284e-09	3.84919740526e-09
1.95674256333e-09	-1.83345250093e-08
1.99837538383e-09	-3.73826658517e-08
2.04000820433e-09	-4.39312586309e-08
2.08164102482e-09	-3.24272626528e-08
2.12327384532e-09	-4.44262804322e-09
2.16490666581e-09	3.06751175572e-08
2.20653948631e-09	5.87123594187e-08
2.24817230681e-09	6.62691448383e-08
2.2898051273e-09	4.68782346275e-08
