% time-domain current integration by openEMS v0.37.0-rc2-21-gd59e7e7 @Sat Sep 19 15:11:25 2026
% start-coordinates: (-0.0263653,-0.021058,0) m -> [5,15,22]
% stop-coordinates: (-0.0263653,-0.01655,3.5e-05) m -> [5,19,23]
% t/s	current
3.23738884109e-14	0
4.16651943849e-11	1.46227336338e-13
8.32980148813e-11	3.23801247859e-14
1.24930835378e-10	-4.86719768222e-13
1.66563655874e-10	-1.26193608514e-12
2.08196476371e-10	-1.79990300008e-12
2.49829296867e-10	-1.71160470779e-12
2.91462117364e-10	-2.7713356783e-13
3.3309493786e-10	2.02956011372e-12
3.74727758356e-10	4.69361875755e-12
4.16360578853e-10	6.41530318451e-12
4.57993399349e-10	5.45634717963e-12
4.99626219846e-10	6.8279968268e-13
5.41259040342e-10	-7.36541209967e-12
5.82891860839e-10	-1.59536082261e-11
6.24524681335e-10	-2.04186043073e-11
6.66157501831e-10	-1.58956042773e-11
7.07790322328e-10	-5.59358332222e-14
7.49423142824e-10	2.43177891018e-11
7.91055963321e-10	4.80820314119e-11
8.32688783817e-10	5.7788367841e-11
8.74321604314e-10	4.12199059607e-11
9.1595442481e-10	-5.18916723827e-12
9.57587245307e-10	-7.04690611419e-11
9.99220065803e-10	-1.28377086739e-10
1.0408528863e-09	-1.44996875617e-10
1.0824857068e-09	-9.40750324863e-11
1.12411852729e-09	2.5859481223e-11
1.16575134779e-09	1.80653103588e-10
1.20738416829e-09	3.04601344148e-10
1.24901698878e-09	3.23206184039e-10
1.29064980928e-09	1.88876914109e-10
1.33228262977e-09	-8.49413248072e-11
1.37391545027e-09	-4.09701272908e-10
1.41554827077e-09	-6.42176312127e-10
1.45718109126e-09	-6.39869879304e-10
1.49881391176e-09	-3.3279362599e-10
1.54044673226e-09	2.19972831617e-10
1.58207955275e-09	8.2286394365e-10
1.62371237325e-09	1.20336707266e-09
1.66534519375e-09	1.1252649923e-09
1.70697801424e-09	5.1270043766e-10
1.74861083474e-09	-4.74727701594e-10
1.79024365524e-09	-1.4649184088e-09
1.83187647573e-09	-2.00467886735e-09
1.87350929623e-09	-1.75786740719e-09
1.91514211672e-09	-6.86684320517e-10
1.95677493722e-09	8.75327699212e-10
1.99840775772e-09	2.31345476109e-09
2.04004057821e-09	2.9699711579e-09
2.08167339871e-09	2.43982389847e-09
2.12330621921e-09	7.92218457502e-10
2.1649390397e-09	-1.39718681069e-09
2.2065718602e-09	-3.24356186354e-09
2.2482046807e-09	-3.914911062e-09
2.28983750119e-09	-3.00940383724e-09
