% time-domain voltage integration by openEMS v0.37.0-rc2-21-gd59e7e7 @Sat Sep 19 15:11:25 2026
% start-coordinates: (-0.02375,-0.0181463,3.5e-05) m -> [7,17,23]
% stop-coordinates: (-0.02375,-0.0181463,-0.0016) m -> [7,17,21]
% t/s	voltage
0	0
4.16328204964e-11	1.38001285746e-12
8.32656409929e-11	5.10160386158e-11
1.24898461489e-10	-2.57653811481e-11
1.66531281986e-10	-1.1378897824e-10
2.08164102482e-10	-2.17825008031e-10
2.49796922979e-10	-1.82411474814e-10
2.91429743475e-10	-1.30384841812e-10
3.33062563972e-10	1.60298746499e-10
3.74695384468e-10	4.56452986519e-10
4.16328204964e-10	7.35239535921e-10
4.57961025461e-10	7.24893811643e-10
4.99593845957e-10	3.36670386014e-10
5.41226666454e-10	-5.79685632829e-10
5.8285948695e-10	-1.56822654862e-09
6.24492307447e-10	-2.29899432824e-09
6.66125127943e-10	-2.16011075693e-09
7.0775794844e-10	-7.40327910087e-10
7.49390768936e-10	1.96297955668e-09
7.91023589432e-10	4.90684470833e-09
8.32656409929e-10	6.68084387812e-09
8.74289230425e-10	5.73123859482e-09
9.15922050922e-10	1.29514143854e-09
9.57554871418e-10	-5.99005645086e-09
9.99187691915e-10	-1.34235165206e-08
1.04082051241e-09	-1.70988823101e-08
1.08245333291e-09	-1.3499154683e-08
1.1240861534e-09	-1.53297186056e-09
1.1657189739e-09	1.60836499674e-08
1.2073517944e-09	3.2475565348e-08
1.24898461489e-09	3.87407688152e-08
1.29061743539e-09	2.80303389388e-08
1.33225025589e-09	-2.53797011185e-10
1.37388307638e-09	-3.80288796009e-08
1.41551589688e-09	-6.97454822784e-08
1.45714871738e-09	-7.784157674e-08
1.49878153787e-09	-5.11475199971e-08
1.54041435837e-09	7.58430296344e-09
1.58204717886e-09	7.9124937713e-08
1.62367999936e-09	1.32818968268e-07
1.66531281986e-09	1.3856558212e-07
1.70694564035e-09	8.18061423047e-08
1.74857846085e-09	-2.56209311544e-08
1.79021128135e-09	-1.45157272868e-07
1.83184410184e-09	-2.24239116164e-07
1.87347692234e-09	-2.18445379119e-07
1.91510974284e-09	-1.14211424318e-07
1.95674256333e-09	5.90503397291e-08
1.99837538383e-09	2.35056731412e-07
2.04000820433e-09	3.35562958753e-07
2.08164102482e-09	3.04776989424e-07
2.12327384532e-09	1.38258357651e-07
2.16490666581e-09	-1.08178518587e-07
2.20653948631e-09	-3.36218960229e-07
2.24817230681e-09	-4.44935778887e-07
2.2898051273e-09	-3.75913629114e-07
