% time-domain voltage integration by openEMS v0.37.0-rc2-21-gd59e7e7 @Sat Sep 19 15:11:25 2026
% start-coordinates: (-0.025,-0.0181463,3.5e-05) m -> [6,17,23]
% stop-coordinates: (-0.025,-0.0181463,-0.0016) m -> [6,17,21]
% t/s	voltage
0	0
4.16328204964e-11	5.82085031217e-12
8.32656409929e-11	3.69967945169e-11
1.24898461489e-10	-4.19979225008e-11
1.66531281986e-10	-1.19158155565e-10
2.08164102482e-10	-2.36127895015e-10
2.49796922979e-10	-1.84206649934e-10
2.91429743475e-10	-1.08930753306e-10
3.33062563972e-10	2.27857066548e-10
3.74695384468e-10	5.27941523831e-10
4.16328204964e-10	7.77451991674e-10
4.57961025461e-10	7.02773450545e-10
4.99593845957e-10	2.24671614646e-10
5.41226666454e-10	-7.9173378964e-10
5.8285948695e-10	-1.80264203564e-09
6.24492307447e-10	-2.4277986288e-09
6.66125127943e-10	-2.05109018658e-09
7.0775794844e-10	-3.40208194949e-10
7.49390768936e-10	2.59962562588e-09
7.91023589432e-10	5.54666179653e-09
8.32656409929e-10	6.96714552717e-09
8.74289230425e-10	5.33120569912e-09
9.15922050922e-10	1.03543638941e-10
9.57554871418e-10	-7.6990209763e-09
9.99187691915e-10	-1.49736862909e-08
1.04082051241e-09	-1.76064904878e-08
1.08245333291e-09	-1.2252805881e-08
1.1240861534e-09	1.53977341988e-09
1.1657189739e-09	2.0124732103e-08
1.2073517944e-09	3.57931817518e-08
1.24898461489e-09	3.93893984096e-08
1.29061743539e-09	2.4714205793e-08
1.33225025589e-09	-7.25453386252e-09
1.37388307638e-09	-4.64833505021e-08
1.41551589688e-09	-7.59678187023e-08
1.45714871738e-09	-7.81022748697e-08
1.49878153787e-09	-4.35325944181e-08
1.54041435837e-09	2.16825455368e-08
1.58204717886e-09	9.47647933458e-08
1.62367999936e-09	1.42995659758e-07
1.66531281986e-09	1.37102432518e-07
1.70694564035e-09	6.6566038015e-08
1.74857846085e-09	-5.07419422036e-08
1.79021128135e-09	-1.70739170358e-07
1.83184410184e-09	-2.386526603e-07
1.87347692234e-09	-2.12919630371e-07
1.91510974284e-09	-8.75186856319e-08
1.95674256333e-09	9.86625678934e-08
1.99837538383e-09	2.72022617764e-07
2.04000820433e-09	3.53054986135e-07
2.08164102482e-09	2.92247534617e-07
2.12327384532e-09	9.71800844241e-08
2.16490666581e-09	-1.63469522363e-07
2.20653948631e-09	-3.83357559031e-07
2.24817230681e-09	-4.62744765173e-07
2.2898051273e-09	-3.53954078491e-07
