% time-domain voltage integration by openEMS v0.37.0-rc2-21-gd59e7e7 @Sat Sep 19 15:11:25 2026
% start-coordinates: (0.025,-0.0181463,3.5e-05) m -> [41,17,23]
% stop-coordinates: (0.025,-0.0181463,-0.0016) m -> [41,17,21]
% t/s	voltage
0	0
4.16328204964e-11	0
8.32656409929e-11	0
1.24898461489e-10	0
1.66531281986e-10	6.13217866706e-21
2.08164102482e-10	5.32032776176e-16
2.49796922979e-10	1.66922858457e-13
2.91429743475e-10	-7.6072647327e-15
3.33062563972e-10	2.0528541974e-12
3.74695384468e-10	1.37206634943e-11
4.16328204964e-10	1.66951764913e-11
4.57961025461e-10	-6.69601318837e-11
4.99593845957e-10	-1.36201050438e-10
5.41226666454e-10	-1.84747342424e-10
5.8285948695e-10	-1.5038570389e-10
6.24492307447e-10	5.54072282846e-12
6.66125127943e-10	2.63544880363e-10
7.0775794844e-10	5.29430277396e-10
7.49390768936e-10	6.57479515276e-10
7.91023589432e-10	4.6931830644e-10
8.32656409929e-10	-1.02636163457e-10
8.74289230425e-10	-9.63934487785e-10
9.15922050922e-10	-1.78204040413e-09
9.57554871418e-10	-2.06032857442e-09
9.99187691915e-10	-1.33082367348e-09
1.04082051241e-09	5.33930899493e-10
1.08245333291e-09	3.10148684513e-09
1.1240861534e-09	5.31407673421e-09
1.1657189739e-09	5.76167646926e-09
1.2073517944e-09	3.32718941287e-09
1.24898461489e-09	-2.04671524173e-09
1.29061743539e-09	-8.83985862288e-09
1.33225025589e-09	-1.40488065625e-08
1.37388307638e-09	-1.4248547231e-08
1.41551589688e-09	-7.17353199065e-09
1.45714871738e-09	6.47751763339e-09
1.49878153787e-09	2.22967830865e-08
1.54041435837e-09	3.30004290561e-08
1.58204717886e-09	3.12276178249e-08
1.62367999936e-09	1.33378188494e-08
1.66531281986e-09	-1.73439609341e-08
1.70694564035e-09	-4.98817769312e-08
1.74857846085e-09	-6.88280437089e-08
1.79021128135e-09	-6.06370207379e-08
1.83184410184e-09	-2.10851194282e-08
1.87347692234e-09	3.98533153145e-08
1.91510974284e-09	9.89204806956e-08
1.95674256333e-09	1.27488192447e-07
1.99837538383e-09	1.04245245325e-07
2.04000820433e-09	2.74637521613e-08
2.08164102482e-09	-7.95438523937e-08
2.12327384532e-09	-1.73933898395e-07
2.16490666581e-09	-2.09607065926e-07
2.20653948631e-09	-1.58494657398e-07
2.24817230681e-09	-2.742322458e-08
2.2898051273e-09	1.38706369057e-07
