% time-domain current integration by openEMS v0.37.0-rc2-21-gd59e7e7 @Sat Sep 19 15:11:25 2026
% start-coordinates: (0.025,-0.021058,0) m -> [41,15,22]
% stop-coordinates: (0.025,-0.01655,3.5e-05) m -> [41,19,23]
% t/s	current
3.23738884109e-14	-0
4.16651943849e-11	-0
8.32980148813e-11	-0
1.24930835378e-10	-3.78095725935e-28
1.66563655874e-10	-1.87122972558e-20
2.08196476371e-10	-3.01135353463e-16
2.49829296867e-10	-1.25586983169e-14
2.91462117364e-10	2.21515734493e-14
3.3309493786e-10	-1.40107804509e-14
3.74727758356e-10	-8.36746985719e-14
4.16360578853e-10	-9.90187342927e-14
4.57993399349e-10	4.86278281097e-13
4.99626219846e-10	9.95341287689e-13
5.41259040342e-10	1.33204731967e-12
5.82891860839e-10	1.07497225097e-12
6.24524681335e-10	-2.47725254752e-14
6.66157501831e-10	-1.88544579255e-12
7.07790322328e-10	-3.90586868404e-12
7.49423142824e-10	-4.82128746648e-12
7.91055963321e-10	-3.54123761565e-12
8.32688783817e-10	5.51679036655e-13
8.74321604314e-10	6.887637162e-12
9.1595442481e-10	1.30772684348e-11
9.57587245307e-10	1.53653756385e-11
9.99220065803e-10	1.03045801059e-11
1.0408528863e-09	-3.34415568154e-12
1.0824857068e-09	-2.24659266884e-11
1.12411852729e-09	-3.92472720989e-11
1.16575134779e-09	-4.3276160433e-11
1.20738416829e-09	-2.60476796382e-11
1.24901698878e-09	1.33747127956e-11
1.29064980928e-09	6.4115844578e-11
1.33228262977e-09	1.04219709252e-10
1.37391545027e-09	1.07846440112e-10
1.41554827077e-09	5.74174735535e-11
1.45718109126e-09	-4.32540427087e-11
1.49881391176e-09	-1.62387714386e-10
1.54044673226e-09	-2.46088399658e-10
1.58207955275e-09	-2.38471409286e-10
1.62371237325e-09	-1.1006193873e-10
1.66534519375e-09	1.17411164124e-10
1.70697801424e-09	3.64617336324e-10
1.74861083474e-09	5.16097997671e-10
1.79024365524e-09	4.67464678078e-10
1.83187647573e-09	1.8149873271e-10
1.87350929623e-09	-2.73194189493e-10
1.91514211672e-09	-7.26147530994e-10
1.95677493722e-09	-9.61449697634e-10
1.99840775772e-09	-8.11913536403e-10
2.04004057821e-09	-2.53009835305e-10
2.08167339871e-09	5.50972822921e-10
2.12330621921e-09	1.28274846301e-09
2.1649390397e-09	1.59055957294e-09
2.2065718602e-09	1.24835408677e-09
2.2482046807e-09	2.87576268354e-10
2.28983750119e-09	-9.69744062829e-10
