% time-domain voltage integration by openEMS v0.37.0-rc2-21-gd59e7e7 @Sat Sep 19 15:11:25 2026
% start-coordinates: (0.0263653,-0.0181463,3.5e-05) m -> [42,17,23]
% stop-coordinates: (0.0263653,-0.0181463,-0.0016) m -> [42,17,21]
% t/s	voltage
0	0
4.16328204964e-11	0
8.32656409929e-11	0
1.24898461489e-10	0
1.66531281986e-10	1.1649155688e-21
2.08164102482e-10	1.86321810938e-16
2.49796922979e-10	1.03211838761e-13
2.91429743475e-10	1.15706110058e-13
3.33062563972e-10	1.25142160089e-12
3.74695384468e-10	8.70163489874e-12
4.16328204964e-10	2.16677526615e-11
4.57961025461e-10	-4.64530219846e-11
4.99593845957e-10	-1.15259475575e-10
5.41226666454e-10	-1.76274550512e-10
5.8285948695e-10	-1.61795937759e-10
6.24492307447e-10	-3.52282335248e-11
6.66125127943e-10	1.9501654458e-10
7.0775794844e-10	4.5697209905e-10
7.49390768936e-10	6.22874807288e-10
7.91023589432e-10	5.16092779623e-10
8.32656409929e-10	4.64360008778e-11
8.74289230425e-10	-7.36960992231e-10
9.15922050922e-10	-1.56276014351e-09
9.57554871418e-10	-1.98105820637e-09
9.99187691915e-10	-1.50828038947e-09
1.04082051241e-09	6.06655906066e-11
1.08245333291e-09	2.44022202445e-09
1.1240861534e-09	4.73084105224e-09
1.1657189739e-09	5.6181113095e-09
1.2073517944e-09	3.91722343451e-09
1.24898461489e-09	-7.02583546897e-10
1.29061743539e-09	-7.103851285e-09
1.33225025589e-09	-1.26768151532e-08
1.37388307638e-09	-1.41133771336e-08
1.41551589688e-09	-8.86159856606e-09
1.45714871738e-09	3.10171288653e-09
1.49878153787e-09	1.83042647706e-08
1.54041435837e-09	3.01812299597e-08
1.58204717886e-09	3.14355368403e-08
1.62367999936e-09	1.7539656838e-08
1.66531281986e-09	-9.86355441768e-09
1.70694564035e-09	-4.17356034177e-08
1.74857846085e-09	-6.37957668914e-08
1.79021128135e-09	-6.21159799152e-08
1.83184410184e-09	-3.02667011454e-08
1.87347692234e-09	2.51970195819e-08
1.91510974284e-09	8.42714413807e-08
1.95674256333e-09	1.19765516615e-07
1.99837538383e-09	1.08792775677e-07
2.04000820433e-09	4.50525661222e-08
2.08164102482e-09	-5.41294262746e-08
2.12327384532e-09	-1.50701850998e-07
2.16490666581e-09	-1.99600322048e-07
2.20653948631e-09	-1.68786826293e-07
2.24817230681e-09	-5.70412126422e-08
2.2898051273e-09	9.97516806933e-08
