% time-domain voltage integration by openEMS v0.37.0-rc2-21-gd59e7e7 @Sat Sep 19 15:11:25 2026
% start-coordinates: (0,-0.0109133,3.5e-05) m -> [26,28,23]
% stop-coordinates: (0,-0.0109133,-0.0016) m -> [26,28,21]
% t/s	voltage
0	0
4.16328204964e-11	0
8.32656409929e-11	4.22401365095e-22
1.24898461489e-10	-3.66029856274e-16
1.66531281986e-10	-2.57457954695e-13
2.08164102482e-10	7.78244005697e-13
2.49796922979e-10	5.64548191181e-12
2.91429743475e-10	-3.12469603143e-12
3.33062563972e-10	-1.68351010216e-11
3.74695384468e-10	-2.79121899205e-11
4.16328204964e-10	-2.95359327274e-11
4.57961025461e-10	-6.89411938995e-12
4.99593845957e-10	2.2554772286e-11
5.41226666454e-10	9.28402701939e-11
5.8285948695e-10	1.47145129414e-10
6.24492307447e-10	1.39809233635e-10
6.66125127943e-10	5.60686774786e-11
7.0775794844e-10	-1.38947714445e-10
7.49390768936e-10	-3.20661497355e-10
7.91023589432e-10	-4.67624716727e-10
8.32656409929e-10	-4.24523804998e-10
8.74289230425e-10	-1.03433164811e-10
9.15922050922e-10	4.19419526887e-10
9.57554871418e-10	1.01069330682e-09
9.99187691915e-10	1.37017019952e-09
1.04082051241e-09	1.16979703702e-09
1.08245333291e-09	2.18724580114e-10
1.1240861534e-09	-1.3050609482e-09
1.1657189739e-09	-2.87601964466e-09
1.2073517944e-09	-3.62918650687e-09
1.24898461489e-09	-2.82631207327e-09
1.29061743539e-09	-2.14192913406e-10
1.33225025589e-09	3.61194585352e-09
1.37388307638e-09	7.17203407774e-09
1.41551589688e-09	8.50763459681e-09
1.45714871738e-09	6.09823080922e-09
1.49878153787e-09	-2.38153441412e-10
1.54041435837e-09	-8.72239702687e-09
1.58204717886e-09	-1.59018043178e-08
1.62367999936e-09	-1.77655241629e-08
1.66531281986e-09	-1.1693031432e-08
1.70694564035e-09	1.82794090975e-09
1.74857846085e-09	1.85053092849e-08
1.79021128135e-09	3.12674792724e-08
1.83184410184e-09	3.29780185382e-08
1.87347692234e-09	1.99199163831e-08
1.91510974284e-09	-5.51026468898e-09
1.95674256333e-09	-3.44963488885e-08
1.99837538383e-09	-5.45148495235e-08
2.04000820433e-09	-5.44877956088e-08
2.08164102482e-09	-3.03067544394e-08
2.12327384532e-09	1.18699823304e-08
2.16490666581e-09	5.65099504968e-08
2.20653948631e-09	8.42756904262e-08
2.24817230681e-09	8.02700981239e-08
2.2898051273e-09	4.14475955779e-08
