% time-domain current integration by openEMS v0.37.0-rc2-21-gd59e7e7 @Sat Sep 19 15:11:25 2026
% start-coordinates: (-0.00394875,-0.00925,0) m -> [24,29,22]
% stop-coordinates: (0.00195,-0.00925,3.5e-05) m -> [27,29,23]
% t/s	current
3.23738884109e-14	0
4.16651943849e-11	0
8.32980148813e-11	-3.25811524821e-24
1.24930835378e-10	7.45435950973e-16
1.66563655874e-10	1.67391345603e-14
2.08196476371e-10	-9.10657657681e-15
2.49829296867e-10	-3.55669439484e-14
2.91462117364e-10	-3.55114158565e-14
3.3309493786e-10	-1.15378369294e-13
3.74727758356e-10	-7.75707216559e-14
4.16360578853e-10	-5.50725846762e-14
4.57993399349e-10	6.1306360921e-14
4.99626219846e-10	1.85058321748e-13
5.41259040342e-10	3.249311356e-13
5.82891860839e-10	4.33786822652e-13
6.24524681335e-10	4.06456525338e-13
6.66157501831e-10	5.98215595983e-14
7.07790322328e-10	-4.29028015371e-13
7.49423142824e-10	-1.01885069392e-12
7.91055963321e-10	-1.27068364511e-12
8.32688783817e-10	-1.17768143328e-12
8.74321604314e-10	-2.59239569915e-13
9.1595442481e-10	1.2748912169e-12
9.57587245307e-10	2.88867454262e-12
9.99220065803e-10	3.75064042324e-12
1.0408528863e-09	3.24590354595e-12
1.0824857068e-09	7.80897536305e-13
1.12411852729e-09	-3.32648492085e-12
1.16575134779e-09	-7.65989268542e-12
1.20738416829e-09	-1.00094481315e-11
1.24901698878e-09	-8.49865490482e-12
1.29064980928e-09	-2.16536229052e-12
1.33228262977e-09	7.77715218614e-12
1.37391545027e-09	1.80744412492e-11
1.41554827077e-09	2.3564494106e-11
1.45718109126e-09	1.99694184799e-11
1.49881391176e-09	5.62775780838e-12
1.54044673226e-09	-1.62908575518e-11
1.58207955275e-09	-3.82290102352e-11
1.62371237325e-09	-4.96875110501e-11
1.66534519375e-09	-4.19877986546e-11
1.70697801424e-09	-1.27886078463e-11
1.74861083474e-09	3.06933090055e-11
1.79024365524e-09	7.27878243789e-11
1.83187647573e-09	9.38581157239e-11
1.87350929623e-09	7.8791521918e-11
1.91514211672e-09	2.51678053398e-11
1.95677493722e-09	-5.22595577923e-11
1.99840775772e-09	-1.24700694215e-10
2.04004057821e-09	-1.59008653466e-10
2.08167339871e-09	-1.31975125273e-10
2.12330621921e-09	-4.29612664887e-11
2.1649390397e-09	8.10975522847e-11
2.2065718602e-09	1.92766719254e-10
2.2482046807e-09	2.41796110911e-10
2.28983750119e-09	1.96956395637e-10
