% time-domain current integration by openEMS v0.37.0-rc2-21-gd59e7e7 @Sat Sep 19 15:11:25 2026
% start-coordinates: (0.02375,-0.021058,0) m -> [40,15,22]
% stop-coordinates: (0.02375,-0.01655,3.5e-05) m -> [40,19,23]
% t/s	current
3.23738884109e-14	-0
4.16651943849e-11	-0
8.32980148813e-11	-0
1.24930835378e-10	-4.85574971673e-27
1.66563655874e-10	-7.07493264783e-20
2.08196476371e-10	-6.24872034118e-16
2.49829296867e-10	-1.32272512577e-14
2.91462117364e-10	2.01951052181e-14
3.3309493786e-10	-1.11697794297e-14
3.74727758356e-10	-1.12642154718e-13
4.16360578853e-10	-4.13000051367e-14
4.57993399349e-10	6.2410054338e-13
4.99626219846e-10	1.16176924851e-12
5.41259040342e-10	1.39546241316e-12
5.82891860839e-10	9.41437357758e-13
6.24524681335e-10	-3.77426795329e-13
6.66157501831e-10	-2.37202488554e-12
7.07790322328e-10	-4.35329723658e-12
7.49423142824e-10	-4.95566955527e-12
7.91055963321e-10	-3.00935209911e-12
8.32688783817e-10	1.80748493429e-12
8.74321604314e-10	8.51873346169e-12
9.1595442481e-10	1.44127669868e-11
9.57587245307e-10	1.54677676917e-11
9.99220065803e-10	8.42326902672e-12
1.0408528863e-09	-7.20986985392e-12
1.0824857068e-09	-2.72153740516e-11
1.12411852729e-09	-4.27293270211e-11
1.16575134779e-09	-4.29494703691e-11
1.20738416829e-09	-2.02424934453e-11
1.24901698878e-09	2.40758281367e-11
1.29064980928e-09	7.62676172217e-11
1.33228262977e-09	1.12024209353e-10
1.37391545027e-09	1.05343546386e-10
1.41554827077e-09	4.16156865912e-11
1.45718109126e-09	-6.95746238399e-11
1.49881391176e-09	-1.89866386502e-10
1.54044673226e-09	-2.6120683394e-10
1.58207955275e-09	-2.29039523458e-10
1.62371237325e-09	-7.21217252586e-11
1.66534519375e-09	1.74755848681e-10
1.70697801424e-09	4.1949102525e-10
1.74861083474e-09	5.40873457133e-10
1.79024365524e-09	4.40907421684e-10
1.83187647573e-09	1.01339242553e-10
1.87350929623e-09	-3.83689274797e-10
1.91514211672e-09	-8.22654555588e-10
1.95677493722e-09	-9.94800908316e-10
1.99840775772e-09	-7.50835116303e-10
2.04004057821e-09	-1.03667879836e-10
2.08167339871e-09	7.39349137469e-10
2.12330621921e-09	1.43194411883e-09
2.1649390397e-09	1.62453450692e-09
2.2065718602e-09	1.1296068525e-09
2.2482046807e-09	4.19895229697e-11
2.28983750119e-09	-1.25375210214e-09
