% time-domain voltage integration by openEMS v0.37.0-rc2-21-gd59e7e7 @Sat Sep 19 15:11:25 2026
% start-coordinates: (-0.0263653,-0.0181463,3.5e-05) m -> [5,17,23]
% stop-coordinates: (-0.0263653,-0.0181463,-0.0016) m -> [5,17,21]
% t/s	voltage
0	0
4.16328204964e-11	1.68565873065e-11
8.32656409929e-11	1.92975756902e-11
1.24898461489e-10	-6.03516195352e-11
1.66531281986e-10	-1.28777044583e-10
2.08164102482e-10	-2.49355563975e-10
2.49796922979e-10	-1.90825633073e-10
2.91429743475e-10	-7.84153367239e-11
3.33062563972e-10	3.10908437884e-10
3.74695384468e-10	6.20595463907e-10
4.16328204964e-10	8.32748370261e-10
4.57961025461e-10	6.7607630605e-10
4.99593845957e-10	7.77702416355e-11
5.41226666454e-10	-1.0563033781e-09
5.8285948695e-10	-2.09835659959e-09
6.24492307447e-10	-2.58635446393e-09
6.66125127943e-10	-1.9161752185e-09
7.0775794844e-10	1.61912414032e-10
7.49390768936e-10	3.39968142526e-09
7.91023589432e-10	6.35019281603e-09
8.32656409929e-10	7.32838323358e-09
8.74289230425e-10	4.84355355823e-09
9.15922050922e-10	-1.3719119174e-09
9.57554871418e-10	-9.8284917982e-09
9.99187691915e-10	-1.69181166854e-08
1.04082051241e-09	-1.82650907732e-08
1.08245333291e-09	-1.07487396761e-08
1.1240861534e-09	5.30919619379e-09
1.1657189739e-09	2.51238656546e-08
1.2073517944e-09	3.99491284497e-08
1.24898461489e-09	4.02900752761e-08
1.29061743539e-09	2.07537027563e-08
1.33225025589e-09	-1.57713149207e-08
1.37388307638e-09	-5.68746791885e-08
1.41551589688e-09	-8.37530080844e-08
1.45714871738e-09	-7.86986547041e-08
1.49878153787e-09	-3.45309913996e-08
1.54041435837e-09	3.86977774269e-08
1.58204717886e-09	1.13885867847e-07
1.62367999936e-09	1.55759110498e-07
1.66531281986e-09	1.35952305413e-07
1.70694564035e-09	4.87245372938e-08
1.74857846085e-09	-8.08136633168e-08
1.79021128135e-09	-2.01864580163e-07
1.83184410184e-09	-2.5686307481e-07
1.87347692234e-09	-2.07478692005e-07
1.91510974284e-09	-5.6556974215e-08
1.95674256333e-09	1.4570530027e-07
1.99837538383e-09	3.16821967772e-07
2.04000820433e-09	3.75486735038e-07
2.08164102482e-09	2.79322904362e-07
2.12327384532e-09	4.99607892834e-08
2.16490666581e-09	-2.28640786304e-07
2.20653948631e-09	-4.40325294448e-07
2.24817230681e-09	-4.86260262278e-07
2.2898051273e-09	-3.30954520678e-07
