% time-domain current integration by openEMS v0.37.0-rc2-21-gd59e7e7 @Sat Sep 19 15:11:25 2026
% start-coordinates: (-0.025,-0.021058,0) m -> [6,15,22]
% stop-coordinates: (-0.025,-0.01655,3.5e-05) m -> [6,19,23]
% t/s	current
3.23738884109e-14	0
4.16651943849e-11	4.29903169812e-14
8.32980148813e-11	1.44044390131e-13
1.24930835378e-10	-3.23615645999e-13
1.66563655874e-10	-1.0684668211e-12
2.08196476371e-10	-1.67946299229e-12
2.49829296867e-10	-1.76984100118e-12
2.91462117364e-10	-6.23829221787e-13
3.3309493786e-10	1.44434887227e-12
3.74727758356e-10	4.05881188034e-12
4.16360578853e-10	6.10985567695e-12
4.57993399349e-10	5.79010190488e-12
4.99626219846e-10	1.90895303037e-12
5.41259040342e-10	-5.40649946687e-12
5.82891860839e-10	-1.40399653709e-11
6.24524681335e-10	-1.96576054046e-11
6.66157501831e-10	-1.73520121882e-11
7.07790322328e-10	-4.06021136851e-12
7.49423142824e-10	1.85652933998e-11
7.91055963321e-10	4.29196608809e-11
8.32688783817e-10	5.63625153494e-11
8.74321604314e-10	4.61328961143e-11
9.1595442481e-10	6.31887077385e-12
9.57587245307e-10	-5.54728034341e-11
9.99220065803e-10	-1.1630338359e-10
1.0408528863e-09	-1.43466336033e-10
1.0824857068e-09	-1.08324876846e-10
1.12411852729e-09	-3.13284272656e-12
1.16575134779e-09	1.46014478286e-10
1.20738416829e-09	2.79832851335e-10
1.24901698878e-09	3.24460347478e-10
1.29064980928e-09	2.24755172806e-10
1.33228262977e-09	-2.0437119011e-11
1.37391545027e-09	-3.39075045819e-10
1.41554827077e-09	-5.98154192843e-10
1.45718109126e-09	-6.51988574241e-10
1.49881391176e-09	-4.11688211299e-10
1.54044673226e-09	9.3338559104e-11
1.58207955275e-09	6.96021296154e-10
1.62371237325e-09	1.13630860277e-09
1.66534519375e-09	1.16429321739e-09
1.70697801424e-09	6.64555743768e-10
1.74861083474e-09	-2.55175491848e-10
1.79024365524e-09	-1.2644566505e-09
1.83187647573e-09	-1.91893945178e-09
1.87350929623e-09	-1.84773185641e-09
1.91514211672e-09	-9.43124245367e-10
1.95677493722e-09	5.39345179629e-10
1.99840775772e-09	2.03538252919e-09
2.04004057821e-09	2.88180301844e-09
2.08167339871e-09	2.6065039016e-09
2.12330621921e-09	1.17292109358e-09
2.1649390397e-09	-9.43616407234e-10
2.2065718602e-09	-2.90616708476e-09
2.2482046807e-09	-3.85038001482e-09
2.28983750119e-09	-3.26886273605e-09
