% time-domain current integration by openEMS v0.37.0-rc2-21-gd59e7e7 @Sat Sep 19 15:11:25 2026
% start-coordinates: (-0.00394875,-0.0109133,0) m -> [24,28,22]
% stop-coordinates: (0.00195,-0.0109133,3.5e-05) m -> [27,28,23]
% t/s	current
3.23738884109e-14	0
4.16651943849e-11	0
8.32980148813e-11	1.40875684173e-21
1.24930835378e-10	5.63484062419e-16
1.66563655874e-10	1.59905471703e-14
2.08196476371e-10	9.913373765e-15
2.49829296867e-10	-1.35183002487e-14
2.91462117364e-10	-2.82860266107e-14
3.3309493786e-10	-2.33593499361e-13
3.74727758356e-10	-4.47162570643e-13
4.16360578853e-10	-6.02449568097e-13
4.57993399349e-10	-5.2956315548e-13
4.99626219846e-10	-3.45570197891e-14
5.41259040342e-10	8.99789953917e-13
5.82891860839e-10	2.05677467245e-12
6.24524681335e-10	2.71434394059e-12
6.66157501831e-10	2.40483652957e-12
7.07790322328e-10	5.5315897262e-13
7.49423142824e-10	-2.89980864841e-12
7.91055963321e-10	-6.48138010276e-12
8.32688783817e-10	-8.76894303697e-12
8.74321604314e-10	-7.32707731294e-12
9.1595442481e-10	-1.23789737141e-12
9.57587245307e-10	8.8206005e-12
9.99220065803e-10	1.94380223723e-11
1.0408528863e-09	2.52412223067e-11
1.0824857068e-09	2.02978415326e-11
1.12411852729e-09	2.36272091302e-12
1.16575134779e-09	-2.53906791425e-11
1.20738416829e-09	-5.29282694062e-11
1.24901698878e-09	-6.58629192851e-11
1.29064980928e-09	-5.07049194298e-11
1.33228262977e-09	-3.73986518837e-12
1.37391545027e-09	6.45093561902e-11
1.41554827077e-09	1.27996113708e-10
1.45718109126e-09	1.53222337596e-10
1.49881391176e-09	1.13203821317e-10
1.54044673226e-09	4.07659409701e-12
1.58207955275e-09	-1.4505344148e-10
1.62371237325e-09	-2.75310080289e-10
1.66534519375e-09	-3.17776999159e-10
1.70697801424e-09	-2.24608651123e-10
1.74861083474e-09	9.70404312461e-13
1.79024365524e-09	2.91053764423e-10
1.83187647573e-09	5.27726862209e-10
1.87350929623e-09	5.86810100511e-10
1.91514211672e-09	3.95542681941e-10
1.95677493722e-09	-1.96040059186e-11
1.99840775772e-09	-5.21580723056e-10
2.04004057821e-09	-9.02159347227e-10
2.08167339871e-09	-9.64434310191e-10
2.12330621921e-09	-6.16847961599e-10
2.1649390397e-09	6.39300001826e-11
2.2065718602e-09	8.36291091932e-10
2.2482046807e-09	1.37576727788e-09
2.28983750119e-09	1.4093606282e-09
