% time-domain voltage integration by openEMS v0.37.0-rc2-21-gd59e7e7 @Sat Sep 19 15:11:25 2026
% start-coordinates: (0,-0.0075,3.5e-05) m -> [26,30,23]
% stop-coordinates: (0,-0.0075,-0.0016) m -> [26,30,21]
% t/s	voltage
0	0
4.16328204964e-11	0
8.32656409929e-11	4.07119822613e-25
1.24898461489e-10	-1.35875625563e-16
1.66531281986e-10	-3.38097036262e-13
2.08164102482e-10	6.74078360404e-13
2.49796922979e-10	1.78286823239e-12
2.91429743475e-10	2.40138551405e-12
3.33062563972e-10	-3.13545695484e-12
3.74695384468e-10	-1.72707004947e-11
4.16328204964e-10	-2.09566947129e-11
4.57961025461e-10	-1.86613589165e-11
4.99593845957e-10	-9.2740442062e-12
5.41226666454e-10	3.71517643039e-11
5.8285948695e-10	7.20209517024e-11
6.24492307447e-10	9.26443088911e-11
6.66125127943e-10	8.20683035418e-11
7.0775794844e-10	2.25006927153e-12
7.49390768936e-10	-1.21343296522e-10
7.91023589432e-10	-2.70185374074e-10
8.32656409929e-10	-3.16576986847e-10
8.74289230425e-10	-2.32489555385e-10
9.15922050922e-10	2.13090899093e-11
9.57554871418e-10	4.15575296397e-10
9.99187691915e-10	7.82738929228e-10
1.04082051241e-09	9.04420704995e-10
1.08245333291e-09	6.100853156e-10
1.1240861534e-09	-1.63242988571e-10
1.1657189739e-09	-1.23083243597e-09
1.2073517944e-09	-2.13311657227e-09
1.24898461489e-09	-2.32389330002e-09
1.29061743539e-09	-1.39923994613e-09
1.33225025589e-09	6.54159060254e-10
1.37388307638e-09	3.21692295024e-09
1.41551589688e-09	5.18024245721e-09
1.45714871738e-09	5.31264943149e-09
1.49878153787e-09	2.83628587283e-09
1.54041435837e-09	-1.92547311428e-09
1.58204717886e-09	-7.43066852493e-09
1.62367999936e-09	-1.11894156163e-08
1.66531281986e-09	-1.07936219962e-08
1.70694564035e-09	-5.12035924771e-09
1.74857846085e-09	4.69712935214e-09
1.79021128135e-09	1.51712953311e-08
1.83184410184e-09	2.15137454518e-08
1.87347692234e-09	1.96283949094e-08
1.91510974284e-09	8.29368840272e-09
1.95674256333e-09	-9.59055235228e-09
1.99837538383e-09	-2.73541971296e-08
2.04000820433e-09	-3.68859964794e-08
2.08164102482e-09	-3.21283053495e-08
2.12327384532e-09	-1.23240120331e-08
2.16490666581e-09	1.66332387863e-08
2.20653948631e-09	4.36561862216e-08
2.24817230681e-09	5.66332296614e-08
2.2898051273e-09	4.7668589076e-08
