% time-domain voltage integration by openEMS v0.37.0-rc2-21-gd59e7e7 @Sat Sep 19 15:11:25 2026
% start-coordinates: (0.02375,-0.0181463,3.5e-05) m -> [40,17,23]
% stop-coordinates: (0.02375,-0.0181463,-0.0016) m -> [40,17,21]
% t/s	voltage
0	0
4.16328204964e-11	0
8.32656409929e-11	0
1.24898461489e-10	0
1.66531281986e-10	2.60477963203e-20
2.08164102482e-10	1.2953544631e-15
2.49796922979e-10	2.42208732454e-13
2.91429743475e-10	-1.01673111933e-13
3.33062563972e-10	3.02292132298e-12
3.74695384468e-10	1.87646495564e-11
4.16328204964e-10	5.84801217868e-12
4.57961025461e-10	-8.19728659951e-11
4.99593845957e-10	-1.5437089107e-10
5.41226666454e-10	-1.87256959938e-10
5.8285948695e-10	-1.29458208042e-10
6.24492307447e-10	5.11951349369e-11
6.66125127943e-10	3.24639232163e-10
7.0775794844e-10	5.80527181882e-10
7.49390768936e-10	6.6295979817e-10
7.91023589432e-10	3.97674504438e-10
8.32656409929e-10	-2.58035842693e-10
8.74289230425e-10	-1.16127940597e-09
9.15922050922e-10	-1.93055771369e-09
9.57554871418e-10	-2.04980099561e-09
9.99187691915e-10	-1.08328512827e-09
1.04082051241e-09	1.01093344806e-09
1.08245333291e-09	3.66159258469e-09
1.1240861534e-09	5.68812597024e-09
1.1657189739e-09	5.65015767506e-09
1.2073517944e-09	2.55221377365e-09
1.24898461489e-09	-3.3706417657e-09
1.29061743539e-09	-1.02620241194e-08
1.33225025589e-09	-1.48577647963e-08
1.37388307638e-09	-1.37490552277e-08
1.41551589688e-09	-5.08702457935e-09
1.45714871738e-09	9.71498081981e-09
1.49878153787e-09	2.54668073296e-08
1.54041435837e-09	3.44708617206e-08
1.58204717886e-09	2.96310087577e-08
1.62367999936e-09	8.39761771232e-09
1.66531281986e-09	-2.43172166847e-08
1.70694564035e-09	-5.61110056196e-08
1.74857846085e-09	-7.10209633326e-08
1.79021128135e-09	-5.64883038123e-08
1.83184410184e-09	-1.07486766154e-08
1.87347692234e-09	5.31534993797e-08
1.91510974284e-09	1.09652710023e-07
1.95674256333e-09	1.29916514879e-07
1.99837538383e-09	9.51716856434e-08
2.04000820433e-09	8.41454461664e-09
2.08164102482e-09	-1.01967707167e-07
2.12327384532e-09	-1.90123969901e-07
2.16490666581e-09	-2.10904445908e-07
2.20653948631e-09	-1.41464852277e-07
2.24817230681e-09	3.55260931784e-09
2.2898051273e-09	1.72086259909e-07
