% time-domain voltage integration by openEMS v0.37.0-rc2-21-gd59e7e7 @Sun Sep 20 14:35:46 2026
% start-coordinates: (0.0251,-0.018,0) m -> [68,26,4]
% stop-coordinates: (0.0251,-0.018,-0.0016) m -> [68,26,0]
% t/s	voltage
0	0
4.47299244997e-11	0
8.94598489994e-11	0
1.34189773499e-10	-7.50500436772e-31
1.78919697999e-10	-1.58330552127e-17
2.23649622499e-10	-3.96586123316e-11
2.68379546998e-10	-1.61792326758e-09
3.13109471498e-10	-8.30361113202e-09
3.57839395998e-10	-7.64657333008e-08
4.02569320497e-10	-4.76495849e-07
4.47299244997e-10	-5.98380793804e-07
4.92029169497e-10	-5.18486402257e-07
5.36759093997e-10	-9.92147395351e-08
5.81489018496e-10	5.49908406811e-07
6.26218942996e-10	1.09690162731e-06
6.70948867496e-10	1.2557785567e-06
7.15678791995e-10	7.55541094577e-07
7.60408716495e-10	-3.50787395575e-07
8.05138640995e-10	-1.66404933566e-06
8.49868565494e-10	-2.51998295653e-06
8.94598489994e-10	-2.26491613375e-06
9.39328414494e-10	-6.61736905272e-07
9.84058338994e-10	1.86163319427e-06
1.02878826349e-09	4.21030517828e-06
1.07351818799e-09	5.02683099057e-06
1.11824811249e-09	3.33613576231e-06
1.16297803699e-09	-7.34981426831e-07
1.20770796149e-09	-5.73002751025e-06
1.25243788599e-09	-9.19452736525e-06
1.29716781049e-09	-8.72748523761e-06
1.34189773499e-09	-3.37777299819e-06
1.38662765949e-09	5.45159821286e-06
1.43135758399e-09	1.40083657243e-05
1.47608750849e-09	1.75617706191e-05
1.52081743299e-09	1.27037908442e-05
1.56554735749e-09	-3.91496797647e-07
1.61027728199e-09	-1.70350190274e-05
1.65500720649e-09	-2.92723570965e-05
1.69973713099e-09	-2.93077850984e-05
1.74446705549e-09	-1.37550530326e-05
1.78919697999e-09	1.33072128392e-05
1.83392690449e-09	4.05402543038e-05
1.87865682899e-09	5.35036697329e-05
1.92338675349e-09	4.16185321228e-05
1.96811667799e-09	4.81978418065e-06
2.01284660249e-09	-4.37380940639e-05
2.05757652699e-09	-8.13860442577e-05
2.10230645149e-09	-8.56754850247e-05
2.14703637599e-09	-4.63502565253e-05
2.19176630049e-09	2.63126689788e-05
2.23649622499e-09	0.000102128820799
2.28122614949e-09	0.000142329088703
2.32595607398e-09	0.000118029514852
2.37068599848e-09	2.75934348792e-05
2.41541592298e-09	-9.65343569987e-05
2.46014584748e-09	-0.000197460609343
2.50487577198e-09	-0.000218351568037
2.54960569648e-09	-0.000132031367684
2.59433562098e-09	3.8852454054e-05
2.63906554548e-09	0.000223598082812
2.68379546998e-09	0.000330576869601
2.72852539448e-09	0.000290490221232
2.77325531898e-09	9.62748199527e-05
2.81798524348e-09	-0.000181735478691
2.86271516798e-09	-0.00041783357301
2.90744509248e-09	-0.00048541520664
2.95217501698e-09	-0.000321478146361
2.99690494148e-09	3.0430672723e-05
3.04163486598e-09	0.00042458329699
3.08636479048e-09	0.000670350113069
3.13109471498e-09	0.000621581057203
3.17582463948e-09	0.000257408028119
3.22055456398e-09	-0.000288144743536
3.26528448848e-09	-0.000770582832047
3.31001441298e-09	-0.000941733873333
3.35474433748e-09	-0.00067364545248
3.39947426198e-09	-3.92014599129e-05
3.44420418648e-09	0.000697268304066
3.48893411098e-09	0.00118666081107
3.53366403548e-09	0.00115793992882
3.57839395998e-09	0.000562361528864
3.62312388448e-09	-0.000375619878469
3.66785380898e-09	-0.00123741631978
3.71258373348e-09	-0.00159488993813
3.75731365798e-09	-0.00122021147399
3.80204358248e-09	-0.000219203076995
3.84677350698e-09	0.000986229148111
3.89150343147e-09	0.00183328616549
3.93623335597e-09	0.00187989149708
3.98096328047e-09	0.00103161577135
4.02569320497e-09	-0.000381282174203
4.07042312947e-09	-0.00172794636455
4.11515305397e-09	-0.00235828274162
4.15988297847e-09	-0.00191635952797
4.20461290297e-09	-0.000534812264959
4.24934282747e-09	0.00119380556862
4.29407275197e-09	0.00247075257357
4.33880267647e-09	0.00266171206022
4.38353260097e-09	0.00161159917479
4.42826252547e-09	-0.00025279539841
4.47299244997e-09	-0.00209452823037
4.51772237447e-09	-0.00304468924878
4.56245229897e-09	-0.00261510023847
4.60718222347e-09	-0.000948161032284
4.65191214797e-09	0.00122389753233
4.69664207247e-09	0.0029030732112
4.74137199697e-09	0.00328856118722
4.78610192147e-09	0.00216182536678
4.83083184597e-09	7.05362799636e-06
4.87556177047e-09	-0.00219832750736
4.92029169497e-09	-0.00343192671426
4.96502161947e-09	-0.00310561666265
5.00975154397e-09	-0.00134864985012
5.05448146847e-09	0.0010429469985
5.09921139297e-09	0.00297131272964
5.14394131747e-09	0.00354675954441
5.18867124197e-09	0.00250315241283
5.23340116647e-09	0.000322451560351
5.27813109097e-09	-0.00199053416145
5.32286101547e-09	-0.00337668904103
5.36759093997e-09	-0.00321336422348
5.41232086446e-09	-0.00159730852465
5.45705078896e-09	0.000710266554961
5.50178071346e-09	0.00264602201059
5.54651063796e-09	0.00333997583948
5.59124056246e-09	0.00251069437945
5.63597048696e-09	0.000578805149416
5.68070041146e-09	-0.00154643628048
5.72543033596e-09	-0.00289900187636
5.77016026046e-09	-0.00289937114576
5.81489018496e-09	-0.00160394568229
5.85962010946e-09	0.000347073895682
5.90435003396e-09	0.00204687658697
5.94907995846e-09	0.00274657714181
5.99380988296e-09	0.00218688207678
6.03853980746e-09	0.000689358246746
6.08326973196e-09	-0.00102176415385
6.12799965646e-09	-0.00217060104478
6.17272958096e-09	-0.00228278257418
6.21745950546e-09	-0.00137948049814
6.26218942996e-09	6.58631543047e-05
6.30691935446e-09	0.00137232427369
6.35164927896e-09	0.00197231501807
6.39637920346e-09	0.00165720001678
6.44110912796e-09	0.000642059036181
6.48583905246e-09	-0.000565374168218
6.53056897696e-09	-0.00141630330472
6.57529890146e-09	-0.00156911567319
6.62002882596e-09	-0.00102260167478
6.66475875046e-09	-8.45508402563e-05
6.70948867496e-09	0.00079480317072
6.75421859946e-09	0.0012366384035
6.79894852396e-09	0.00109405975672
6.84367844846e-09	0.000492721890623
6.88840837296e-09	-0.000254087397479
6.93313829746e-09	-0.000804482697276
6.97786822195e-09	-0.00094195130805
7.02259814645e-09	-0.000656131087453
7.06732807095e-09	-0.000122867902974
7.11205799545e-09	0.000395681796363
7.15678791995e-09	0.000676823721733
7.20151784445e-09	0.000629922360531
7.24624776895e-09	0.000318951897498
7.29097769345e-09	-8.59610172483e-05
7.33570761795e-09	-0.000397202908061
7.38043754245e-09	-0.000493955718412
7.42516746695e-09	-0.000365477644664
7.46989739145e-09	-0.000100019904494
7.51462731595e-09	0.000167988397152
7.55935724045e-09	0.000323210682836
7.60408716495e-09	0.000316578167258
7.64881708945e-09	0.000176380923222
7.69354701395e-09	-1.60814765877e-05
7.73827693845e-09	-0.000170103430719
7.78300686295e-09	-0.000226302960073
7.82773678745e-09	-0.000177123973117
7.87246671195e-09	-6.1454605202e-05
7.91719663645e-09	5.99946224611e-05
7.96192656095e-09	0.000134581463499
8.00665648545e-09	0.000138970637636
8.05138640995e-09	8.39718086354e-05
8.09611633445e-09	3.77105175176e-06
8.14084625895e-09	-6.29860569461e-05
8.18557618345e-09	-9.05820888875e-05
8.23030610795e-09	-7.48155562178e-05
8.27503603245e-09	-3.07220589093e-05
8.31976595695e-09	1.75486102307e-05
8.36449588145e-09	4.88145351483e-05
8.40922580595e-09	5.33157917744e-05
8.45395573045e-09	3.45938851751e-05
