% time-domain voltage integration by openEMS v0.37.0-rc2-21-gd59e7e7 @Sun Sep 20 14:35:46 2026
% start-coordinates: (-0.0251,-0.018,0) m -> [16,26,4]
% stop-coordinates: (-0.0251,-0.018,-0.0016) m -> [16,26,0]
% t/s	voltage
0	0
4.47299244997e-11	-1.66733752138e-07
8.94598489994e-11	-4.84618091434e-07
1.34189773499e-10	-6.27204869375e-07
1.78919697999e-10	-4.51986160499e-07
2.23649622499e-10	5.29201669153e-08
2.68379546998e-10	7.24413510511e-07
3.13109471498e-10	1.2404703682e-06
3.57839395998e-10	1.24679064584e-06
4.02569320497e-10	5.52656956643e-07
4.47299244997e-10	-7.05312743321e-07
4.92029169497e-10	-2.02242858904e-06
5.36759093997e-10	-2.67865823389e-06
5.81489018496e-10	-2.06628573096e-06
6.26218942996e-10	-9.40261539739e-08
6.70948867496e-10	2.6094701866e-06
7.15678791995e-10	4.78887432109e-06
7.60408716495e-10	5.05614093527e-06
8.05138640995e-10	2.60973246213e-06
8.49868565494e-10	-2.08075618957e-06
8.94598489994e-10	-7.14549469194e-06
9.39328414494e-10	-9.90650619315e-06
9.84058338994e-10	-8.13553879198e-06
1.02878826349e-09	-1.38900986713e-06
1.07351818799e-09	8.18816192805e-06
1.11824811249e-09	1.62211595125e-05
1.16297803699e-09	1.78940254045e-05
1.20770796149e-09	1.04076757452e-05
1.25243788599e-09	-4.83776159399e-06
1.29716781049e-09	-2.18603786379e-05
1.34189773499e-09	-3.19804294122e-05
1.38662765949e-09	-2.78448128483e-05
1.43135758399e-09	-7.74889554123e-06
1.47608750849e-09	2.18919044528e-05
1.52081743299e-09	4.78134343211e-05
1.56554735749e-09	5.52425963178e-05
1.61027728199e-09	3.54480234819e-05
1.65500720649e-09	-8.03240777714e-06
1.69973713099e-09	-5.81742515351e-05
1.74446705549e-09	-9.01831881492e-05
1.78919697999e-09	-8.28114170872e-05
1.83392690449e-09	-3.04941986542e-05
1.87865682899e-09	4.99562975165e-05
1.92338675349e-09	0.000123023946799
1.96811667799e-09	0.000148937895574
2.01284660249e-09	0.000103656151623
2.05757652699e-09	-4.99509064866e-06
2.10230645149e-09	-0.000134457146487
2.14703637599e-09	-0.00022225630164
2.19176630049e-09	-0.000214432006032
2.23649622499e-09	-9.54134720814e-05
2.28122614949e-09	9.60641955317e-05
2.32595607398e-09	0.000276220285741
2.37068599848e-09	0.000350778136635
2.41541592298e-09	0.000261659384705
2.46014584748e-09	2.3755235361e-05
2.50487577198e-09	-0.000269247881079
2.54960569648e-09	-0.00047869404807
2.59433562098e-09	-0.000484027805214
2.63906554548e-09	-0.000247581680014
2.68379546998e-09	0.000152092496137
2.72852539448e-09	0.000540877779713
2.77325531898e-09	0.000722009921446
2.81798524348e-09	0.000572268676478
2.86271516798e-09	0.000115796763566
2.90744509248e-09	-0.000465681434434
2.95217501698e-09	-0.000901081395568
2.99690494148e-09	-0.000953399357968
3.04163486598e-09	-0.000543554211617
3.08636479048e-09	0.000188215475646
3.13109471498e-09	0.000923044644878
3.17582463948e-09	0.00129927744274
3.22055456398e-09	0.00108723388985
3.26528448848e-09	0.000319771155773
3.31001441298e-09	-0.000692448404152
3.35474433748e-09	-0.00148243608419
3.39947426198e-09	-0.00164009764558
3.44420418648e-09	-0.00102091513691
3.48893411098e-09	0.000154589382873
3.53366403548e-09	0.0013717028778
3.57839395998e-09	0.00204489118187
3.62312388448e-09	0.00179789905087
3.66785380898e-09	0.000667187312501
3.71258373348e-09	-0.000878973209183
3.75731365798e-09	-0.00213158119004
3.80204358248e-09	-0.00246593379416
3.84677350698e-09	-0.00165167881642
3.89150343147e-09	5.56193572265e-06
3.93623335597e-09	0.00177317822818
3.98096328047e-09	0.00281590473605
4.02569320497e-09	0.00259187171469
4.07042312947e-09	0.00113187837997
4.11515305397e-09	-0.000941399732255
4.15988297847e-09	-0.00267896376317
4.20461290297e-09	-0.00324282870861
4.24934282747e-09	-0.00231227983022
4.29407275197e-09	-0.000260967834038
4.33880267647e-09	0.00199124703067
4.38353260097e-09	0.00339423690457
4.42826252547e-09	0.00326175894588
4.47299244997e-09	0.00160916097229
4.51772237447e-09	-0.000832622681628
4.56245229897e-09	-0.0029432810843
4.60718222347e-09	-0.00373270706041
4.65191214797e-09	-0.00281041645212
4.69664207247e-09	-0.000579924657359
4.74137199697e-09	0.00193934515119
4.78610192147e-09	0.00358337152284
4.83083184597e-09	0.00358768837759
4.87556177047e-09	0.0019470861007
4.92029169497e-09	-0.000580357838771
4.96502161947e-09	-0.00282762758434
5.00975154397e-09	-0.00376395729836
5.05448146847e-09	-0.00297326000873
5.09921139297e-09	-0.000841115484945
5.14394131747e-09	0.00163461672491
5.18867124197e-09	0.00331584573723
5.23340116647e-09	0.00345325790113
5.27813109097e-09	0.00202372192871
5.32286101547e-09	-0.000277372768323
5.36759093997e-09	-0.00237665674649
5.41232086446e-09	-0.00332825048827
5.45705078896e-09	-0.00274388160324
5.50178071346e-09	-0.000950301822741
5.54651063796e-09	0.00118903772091
5.59124056246e-09	0.00269209512044
5.63597048696e-09	0.00291241687955
5.68070041146e-09	0.00181777961552
5.72543033596e-09	-2.68857770607e-05
5.77016026046e-09	-0.00174924504245
5.81489018496e-09	-0.00258383789333
5.85962010946e-09	-0.00221323047299
5.90435003396e-09	-0.000883681655978
5.94907995846e-09	0.000743626762414
5.99380988296e-09	0.00192032803898
6.03853980746e-09	0.00215534458403
6.08326973196e-09	0.00141740759136
6.12799965646e-09	0.000113623131256
6.17272958096e-09	-0.00112898863154
6.21745950546e-09	-0.00176380921039
6.26218942996e-09	-0.0015633898438
6.30691935446e-09	-0.000693345951731
6.35164927896e-09	0.0003977153101
6.39637920346e-09	0.00120571473963
6.44110912796e-09	0.00140201335307
6.48583905246e-09	0.000962904130574
6.53056897696e-09	0.000149100160343
6.57529890146e-09	-0.000640345358988
6.62002882596e-09	-0.00106072024209
6.66475875046e-09	-0.000969151195022
6.70948867496e-09	-0.000465400204121
6.75421859946e-09	0.000180439008545
6.79894852396e-09	0.000667935441015
6.84367844846e-09	0.000803221773822
6.88840837296e-09	0.000571766286157
6.93313829746e-09	0.000122247971376
6.97786822195e-09	-0.000320156184898
7.02259814645e-09	-0.000563291250728
7.06732807095e-09	-0.000528454213054
7.11205799545e-09	-0.000269673146249
7.15678791995e-09	6.85074173816e-05
7.20151784445e-09	0.000327452238707
7.24624776895e-09	0.000406265222409
7.29097769345e-09	0.00029770583933
7.33570761795e-09	7.74428954173e-05
7.38043754245e-09	-0.000141689179145
7.42516746695e-09	-0.000264892885752
7.46989739145e-09	-0.000254135789874
7.51462731595e-09	-0.00013580724044
7.55935724045e-09	2.12027875932e-05
7.60408716495e-09	0.00014257274961
7.64881708945e-09	0.000181925912329
7.69354701395e-09	0.000136377413583
7.73827693845e-09	4.03716530855e-05
7.78300686295e-09	-5.57932798984e-05
7.82773678745e-09	-0.000110665638203
7.87246671195e-09	-0.000108113277747
7.91719663645e-09	-5.97864645897e-05
7.96192656095e-09	5.01805197928e-06
8.00665648545e-09	5.5350636103e-05
8.05138640995e-09	7.23543980712e-05
8.09611633445e-09	5.51652610739e-05
8.14084625895e-09	1.783253947e-05
8.18557618345e-09	-1.96602759388e-05
8.23030610795e-09	-4.12155177401e-05
8.27503603245e-09	-4.08240430261e-05
8.31976595695e-09	-2.313588584e-05
8.36449588145e-09	7.10581858243e-07
8.40922580595e-09	1.92354300452e-05
8.45395573045e-09	2.56445064224e-05
