% time-domain current integration by openEMS v0.37.0-rc2-21-gd59e7e7 @Sun Sep 20 14:35:46 2026
% start-coordinates: (-0.02608,-0.0204829,-0.0004) m -> [15,23,3]
% stop-coordinates: (-0.02608,-0.0164315,0) m -> [15,28,4]
% t/s	current
5.32499101187e-13	0
4.52624236009e-11	-5.17214182594e-09
8.99923481006e-11	-1.20050893671e-08
1.347222726e-10	-1.46164191861e-08
1.794521971e-10	-9.95360771583e-09
2.241821216e-10	2.1577291065e-09
2.68912046099e-10	1.7642049599e-08
3.13641970599e-10	2.89418125021e-08
3.58371895099e-10	2.80747052273e-08
4.03101819599e-10	1.10301368039e-08
4.47831744098e-10	-1.84368005307e-08
4.92561668598e-10	-4.82223221354e-08
5.37291593098e-10	-6.16132709297e-08
5.82021517597e-10	-4.54725928023e-08
6.26751442097e-10	1.69651726001e-09
6.71481366597e-10	6.40341255576e-08
7.16211291097e-10	1.12089963977e-07
7.60941215596e-10	1.14327306733e-07
8.05671140096e-10	5.46385194866e-08
8.50401064596e-10	-5.41218376782e-08
8.95130989095e-10	-1.68482472418e-07
9.39860913595e-10	-2.27377981332e-07
9.84590838095e-10	-1.80858677368e-07
1.02932076259e-09	-2.13906474755e-08
1.07405068709e-09	1.98411882479e-07
1.11878061159e-09	3.77082415071e-07
1.16351053609e-09	4.05611359611e-07
1.20824046059e-09	2.24110664249e-07
1.25297038509e-09	-1.30227746808e-07
1.29770030959e-09	-5.15859881034e-07
1.34243023409e-09	-7.3432966019e-07
1.38716015859e-09	-6.21973640591e-07
1.43189008309e-09	-1.48168041392e-07
1.47662000759e-09	5.31781836344e-07
1.52134993209e-09	1.1105584008e-06
1.56607985659e-09	1.2541322576e-06
1.61080978109e-09	7.74077648202e-07
1.65553970559e-09	-2.34271283261e-07
1.70026963009e-09	-1.37102085773e-06
1.74499955459e-09	-2.06957633964e-06
1.78972947909e-09	-1.85685269116e-06
1.83445940359e-09	-6.2706413928e-07
1.87918932809e-09	1.21555569876e-06
1.92391925259e-09	2.85134956357e-06
1.96864917709e-09	3.38225663654e-06
2.01337910159e-09	2.28638668887e-06
2.05810902609e-09	-2.24907793722e-07
2.10283895059e-09	-3.15838860843e-06
2.14756887509e-09	-5.09067331222e-06
2.19229879959e-09	-4.81977531308e-06
2.23702872409e-09	-2.03585886993e-06
2.28175864859e-09	2.33753075918e-06
2.32648857309e-09	6.3770048655e-06
2.37121849759e-09	7.95830146672e-06
2.41594842209e-09	5.81310905545e-06
2.46067834659e-09	3.4164335716e-07
2.50540827108e-09	-6.28652105661e-06
2.55013819558e-09	-1.09257189251e-05
2.59486812008e-09	-1.0890116755e-05
2.63959804458e-09	-5.40287192052e-06
2.68432796908e-09	3.68637529391e-06
2.72905789358e-09	1.24073940242e-05
2.77378781808e-09	1.63393942785e-05
2.81851774258e-09	1.277589854e-05
2.86324766708e-09	2.35508014157e-06
2.90797759158e-09	-1.07583045974e-05
2.95270751608e-09	-2.04483003472e-05
2.99743744058e-09	-2.14361552935e-05
3.04216736508e-09	-1.20399272419e-05
3.08689728958e-09	4.4954895202e-06
3.13162721408e-09	2.09631161852e-05
3.17635713858e-09	2.92688164336e-05
3.22108706308e-09	2.43395534198e-05
3.26581698758e-09	7.0061560109e-06
3.31054691208e-09	-1.57084959937e-05
3.35527683658e-09	-3.33448551828e-05
3.40000676108e-09	-3.67770844605e-05
3.44473668558e-09	-2.2844546038e-05
3.48946661008e-09	3.47403579326e-06
3.53419653458e-09	3.06773690681e-05
3.57892645908e-09	4.57283458672e-05
3.62365638358e-09	4.0270970203e-05
3.66838630808e-09	1.51241392814e-05
3.71311623258e-09	-1.93163450604e-05
3.75784615708e-09	-4.73190739285e-05
3.80257608158e-09	-5.50062941329e-05
3.84730600608e-09	-3.72044087271e-05
3.89203593058e-09	-5.80637333769e-07
3.93676585508e-09	3.87362124457e-05
3.98149577958e-09	6.22757870588e-05
4.02622570408e-09	5.79392908548e-05
4.07095562857e-09	2.61769328063e-05
4.11568555307e-09	-1.95143638848e-05
4.16041547757e-09	-5.83334222028e-05
4.20514540207e-09	-7.17161165085e-05
4.24987532657e-09	-5.22665504832e-05
4.29460525107e-09	-7.75362150307e-06
4.33933517557e-09	4.19586576754e-05
4.38406510007e-09	7.38578019082e-05
4.42879502457e-09	7.25404534023e-05
4.47352494907e-09	3.77030155505e-05
4.51825487357e-09	-1.53043092723e-05
4.56298479807e-09	-6.23109153821e-05
4.60771472257e-09	-8.14738596091e-05
4.65244464707e-09	-6.35410615359e-05
4.69717457157e-09	-1.63539480127e-05
4.74190449607e-09	3.86196406907e-05
4.78663442057e-09	7.61728224461e-05
4.83136434507e-09	7.90583726484e-05
4.87609426957e-09	4.60043884232e-05
4.92082419407e-09	-7.7221848187e-06
4.96555411857e-09	-5.74546538701e-05
5.01028404307e-09	-8.05895542726e-05
5.05501396757e-09	-6.69826913509e-05
5.09974389207e-09	-2.34407289099e-05
5.14447381657e-09	2.9699107472e-05
5.18920374107e-09	6.81729288772e-05
5.23393366557e-09	7.49935425119e-05
5.27866359007e-09	4.80231028632e-05
5.32339351457e-09	5.08105074459e-07
5.36812343907e-09	-4.54609107692e-05
5.41285336357e-09	-6.93167894497e-05
5.45758328807e-09	-6.12990188529e-05
5.50231321257e-09	-2.64272966888e-05
5.54704313707e-09	1.84361106221e-05
5.59177306156e-09	5.27779229742e-05
5.63650298606e-09	6.18793492322e-05
5.68123291056e-09	4.31361368101e-05
5.72596283506e-09	6.53940469419e-06
5.77069275956e-09	-3.0569241062e-05
5.81542268406e-09	-5.17396401847e-05
5.86015260856e-09	-4.87217148475e-05
5.90488253306e-09	-2.45889641519e-05
5.94961245756e-09	8.44847363624e-06
5.99434238206e-09	3.5171284253e-05
6.03907230656e-09	4.43595345132e-05
6.08380223106e-09	3.34560063493e-05
6.12853215556e-09	8.97579411685e-06
6.17326208006e-09	-1.71663305082e-05
6.21799200456e-09	-3.34104479407e-05
6.26272192906e-09	-3.36251105182e-05
6.30745185356e-09	-1.92940042325e-05
6.35218177806e-09	1.88549336144e-06
6.39691170256e-09	2.00152790057e-05
6.44164162706e-09	2.75711918221e-05
6.48637155156e-09	2.24479917961e-05
6.53110147606e-09	8.28639440442e-06
6.57583140056e-09	-7.76475098974e-06
6.62056132506e-09	-1.85731842066e-05
6.66529124956e-09	-2.01291695703e-05
6.71002117406e-09	-1.29122236103e-05
6.75475109856e-09	-1.12695340704e-06
6.79948102306e-09	9.59261615208e-06
6.84421094756e-09	1.48083236127e-05
6.88894087206e-09	1.30391808852e-05
6.93367079656e-09	6.0017719079e-06
6.97840072106e-09	-2.57036026596e-06
7.02313064556e-09	-8.81736923475e-06
7.06786057006e-09	-1.04304581328e-05
7.11259049456e-09	-7.41635449231e-06
7.15732041905e-09	-1.7501555476e-06
7.20205034355e-09	3.7678771605e-06
7.24678026805e-09	6.83578264216e-06
7.29151019255e-09	6.55373378322e-06
7.33624011705e-09	3.58364854947e-06
7.38097004155e-09	-3.85560696259e-07
7.42569996605e-09	-3.52430265593e-06
7.47042989055e-09	-4.66145274913e-06
7.51515981505e-09	-3.66798531104e-06
7.55988973955e-09	-1.33151547743e-06
7.60461966405e-09	1.13670512292e-06
7.64934958855e-09	2.68736675935e-06
7.69407951305e-09	2.84511247628e-06
7.73880943755e-09	1.80302617991e-06
7.78353936205e-09	2.17604480213e-07
7.82826928655e-09	-1.15311490845e-06
7.87299921105e-09	-1.78562459041e-06
7.91772913555e-09	-1.56395537942e-06
7.96245906005e-09	-7.48205479795e-07
8.00718898455e-09	2.08065330298e-07
8.05191890905e-09	8.84850294369e-07
8.09664883355e-09	1.06283778223e-06
8.14137875805e-09	7.72856537878e-07
8.18610868255e-09	2.31198185929e-07
8.23083860705e-09	-2.88489559352e-07
8.27556853155e-09	-5.79939012368e-07
8.32029845605e-09	-5.74462092118e-07
8.36502838055e-09	-3.39235072033e-07
8.40975830505e-09	-2.00352161528e-08
8.45448822955e-09	2.35702742657e-07
