% time-domain voltage integration by openEMS v0.37.0-rc2-21-gd59e7e7 @Sun Sep 20 14:35:46 2026
% start-coordinates: (0.02412,-0.018,0) m -> [67,26,4]
% stop-coordinates: (0.02412,-0.018,-0.0016) m -> [67,26,0]
% t/s	voltage
0	0
4.47299244997e-11	0
8.94598489994e-11	0
1.34189773499e-10	-9.14260138764e-30
1.78919697999e-10	-7.13422929684e-17
2.23649622499e-10	-7.28199072222e-11
2.68379546998e-10	-1.77375086841e-09
3.13109471498e-10	-1.08482327565e-08
3.57839395998e-10	-1.08641589947e-07
4.02569320497e-10	-5.08318649395e-07
4.47299244997e-10	-6.00252477057e-07
4.92029169497e-10	-4.64299404257e-07
5.36759093997e-10	-1.92903688578e-08
5.81489018496e-10	6.36658313624e-07
6.26218942996e-10	1.15762338737e-06
6.70948867496e-10	1.20660678249e-06
7.15678791995e-10	6.14065797322e-07
7.60408716495e-10	-5.43185251445e-07
8.05138640995e-10	-1.82166706963e-06
8.49868565494e-10	-2.53870814504e-06
8.94598489994e-10	-2.08730108398e-06
9.39328414494e-10	-3.1757337382e-07
9.84058338994e-10	2.23935973054e-06
1.02878826349e-09	4.42837585979e-06
1.07351818799e-09	4.90948912102e-06
1.11824811249e-09	2.85148757939e-06
1.16297803699e-09	-1.4482743893e-06
1.20770796149e-09	-6.33558306617e-06
1.25243788599e-09	-9.32885473048e-06
1.29716781049e-09	-8.17314253254e-06
1.34189773499e-09	-2.208949752e-06
1.38662765949e-09	6.77844479924e-06
1.43135758399e-09	1.48167332554e-05
1.47608750849e-09	1.72599575308e-05
1.52081743299e-09	1.11326926344e-05
1.56554735749e-09	-2.75222856772e-06
1.61027728199e-09	-1.91395915863e-05
1.65500720649e-09	-2.99139032904e-05
1.69973713099e-09	-2.77373005702e-05
1.74446705549e-09	-1.02084989066e-05
1.78919697999e-09	1.74693773261e-05
1.83392690449e-09	4.32626011388e-05
1.87865682899e-09	5.29649396412e-05
1.92338675349e-09	3.72606382371e-05
1.96811667799e-09	-2.01751879558e-06
2.01284660249e-09	-5.00605856359e-05
2.05757652699e-09	-8.37383522594e-05
2.10230645149e-09	-8.1864225649e-05
2.14703637599e-09	-3.69063800463e-05
2.19176630049e-09	3.77656206183e-05
2.23649622499e-09	0.000110070688606
2.28122614949e-09	0.000141829998029
2.32595607398e-09	0.000107470952571
2.37068599848e-09	1.02538206193e-05
2.41541592298e-09	-0.000113138199595
2.46014584748e-09	-0.000204601445148
2.50487577198e-09	-0.000210390557186
2.54960569648e-09	-0.000109991007776
2.59433562098e-09	6.64775034238e-05
2.63906554548e-09	0.000243762224272
2.68379546998e-09	0.000331549083057
2.72852539448e-09	0.000268163516012
2.77325531898e-09	5.77036380491e-05
2.81798524348e-09	-0.000219917168579
2.86271516798e-09	-0.000436223985162
2.90744509248e-09	-0.00047129142331
2.95217501698e-09	-0.000276443803159
2.99690494148e-09	8.88465601747e-05
3.04163486598e-09	0.000469222359243
3.08636479048e-09	0.000676659416058
3.13109471498e-09	0.000580462772632
3.17582463948e-09	0.000182199506526
3.22055456398e-09	-0.000365028790839
3.26528448848e-09	-0.0008111740608
3.31001441298e-09	-0.000920797669096
3.35474433748e-09	-0.000593114978983
3.39947426198e-09	6.9094610808e-05
3.44420418648e-09	0.000783546260209
3.48893411098e-09	0.00120568784769
3.53366403548e-09	0.00109211655217
3.57839395998e-09	0.000433829518443
3.62312388448e-09	-0.000511246864335
3.66785380898e-09	-0.00131472034263
3.71258373348e-09	-0.00156986180809
3.75731365798e-09	-0.00109425271512
3.80204358248e-09	-4.31812504758e-05
3.84677350698e-09	0.00113195576705
3.89150343147e-09	0.0018753753975
3.93623335597e-09	0.00178855226841
3.98096328047e-09	0.000839111671667
4.02569320497e-09	-0.000590936513618
4.07042312947e-09	-0.00185551043251
4.11515305397e-09	-0.00233625381952
4.15988297847e-09	-0.00174414593494
4.20461290297e-09	-0.000283958630462
4.24934282747e-09	0.00140908165486
4.29407275197e-09	0.00254576199222
4.33880267647e-09	0.00255229050526
4.38353260097e-09	0.00135898232111
4.42826252547e-09	-0.000536857507541
4.47299244997e-09	-0.00227746728342
4.51772237447e-09	-0.00303542480106
4.56245229897e-09	-0.00240945932455
4.60718222347e-09	-0.000634697556961
4.65191214797e-09	0.00150222246884
4.69664207247e-09	0.00301470677368
4.74137199697e-09	0.00317608652404
4.78610192147e-09	0.00187143834773
4.83083184597e-09	-0.000330363087414
4.87556177047e-09	-0.0024268332636
4.92029169497e-09	-0.00344338850118
4.96502161947e-09	-0.00289140694076
5.00975154397e-09	-0.00100520657725
5.05448146847e-09	0.00135804296588
5.09921139297e-09	0.00311250396771
5.14394131747e-09	0.00344855064759
5.18867124197e-09	0.00221085257363
5.23340116647e-09	-2.89765889647e-05
5.27813109097e-09	-0.00223954051035
5.32286101547e-09	-0.00341028935509
5.36759093997e-09	-0.00301901088096
5.41232086446e-09	-0.00126739410916
5.45705078896e-09	0.00102277321275
5.50178071346e-09	0.00279930006946
5.54651063796e-09	0.00326841877541
5.59124056246e-09	0.00225316133583
5.63597048696e-09	0.000257829793554
5.68070041146e-09	-0.00178346098983
5.72543033596e-09	-0.00294815667439
5.77016026046e-09	-0.00274610210909
5.81489018496e-09	-0.00132611283334
5.85962010946e-09	0.00061869797355
5.90435003396e-09	0.00219059525989
5.94907995846e-09	0.00270464754431
5.99380988296e-09	0.00198838909273
6.03853980746e-09	0.000432245433331
6.08326973196e-09	-0.00121904647676
6.12799965646e-09	-0.00222389801638
6.17272958096e-09	-0.00217803940177
6.21745950546e-09	-0.00117439200403
6.26218942996e-09	0.000272834920906
6.30691935446e-09	0.00148919591447
6.35164927896e-09	0.00195440911921
6.39637920346e-09	0.00152346451068
6.44110912796e-09	0.000461414609163
6.48583905246e-09	-0.000709075495251
6.53056897696e-09	-0.00146304475493
6.57529890146e-09	-0.00150735565694
6.62002882596e-09	-0.000889927265234
6.66475875046e-09	5.37457117389e-05
6.70948867496e-09	0.000877475991729
6.75421859946e-09	0.0012332770566
6.79894852396e-09	0.00101536899456
6.84367844846e-09	0.000381397207093
6.88840837296e-09	-0.000345753796864
6.93313829746e-09	-0.000838788764668
6.97786822195e-09	-0.000910745977308
7.02259814645e-09	-0.00058093269763
7.06732807095e-09	-4.18115423599e-05
7.11205799545e-09	0.000446665559139
7.15678791995e-09	0.000679517324897
7.20151784445e-09	0.000589539573411
7.24624776895e-09	0.000258774016402
7.29097769345e-09	-0.000137201321195
7.33570761795e-09	-0.000418636627728
7.38043754245e-09	-0.000480597780552
7.42516746695e-09	-0.000328147281834
7.46989739145e-09	-5.83380851822e-05
7.51462731595e-09	0.000195445369172
7.55935724045e-09	0.000326834400767
7.60408716495e-09	0.000298535989714
7.64881708945e-09	0.000147846370965
7.69354701395e-09	-4.11957098549e-05
7.73827693845e-09	-0.0001816158765
7.78300686295e-09	-0.000221559781494
7.82773678745e-09	-0.000160900632181
7.87246671195e-09	-4.26436909038e-05
7.91719663645e-09	7.29264429538e-05
7.96192656095e-09	0.000137169692607
8.00665648545e-09	0.000131970235088
8.05138640995e-09	7.21027281543e-05
8.09611633445e-09	-7.02818169884e-06
8.14084625895e-09	-6.83357866365e-05
8.18557618345e-09	-8.92485131772e-05
8.23030610795e-09	-6.86468956701e-05
8.27503603245e-09	-2.32692736972e-05
8.31976595695e-09	2.28822909776e-05
8.36449588145e-09	5.02004031659e-05
8.40922580595e-09	5.09672127009e-05
8.45395573045e-09	3.02636562992e-05
