% time-domain voltage integration by openEMS v0.37.0-rc2-21-gd59e7e7 @Sun Sep 20 14:35:46 2026
% start-coordinates: (0.02608,-0.018,0) m -> [69,26,4]
% stop-coordinates: (0.02608,-0.018,-0.0016) m -> [69,26,0]
% t/s	voltage
0	0
4.47299244997e-11	0
8.94598489994e-11	0
1.34189773499e-10	-5.85953194248e-32
1.78919697999e-10	-3.33528603727e-18
2.23649622499e-10	-2.03542577758e-11
2.68379546998e-10	-1.5127119557e-09
3.13109471498e-10	-6.31987751021e-09
3.57839395998e-10	-5.38871853806e-08
4.02569320497e-10	-4.21058985012e-07
4.47299244997e-10	-5.78114210725e-07
4.92029169497e-10	-5.63696744393e-07
5.36759093997e-10	-1.61134213528e-07
5.81489018496e-10	4.46077343952e-07
6.26218942996e-10	1.05183585219e-06
6.70948867496e-10	1.29129148263e-06
7.15678791995e-10	8.79414912447e-07
7.60408716495e-10	-1.74776552342e-07
8.05138640995e-10	-1.50623071704e-06
8.49868565494e-10	-2.47423582778e-06
8.94598489994e-10	-2.40423349851e-06
9.39328414494e-10	-9.72773250396e-07
9.84058338994e-10	1.49279452444e-06
1.02878826349e-09	3.97167195842e-06
1.07351818799e-09	5.09596429765e-06
1.11824811249e-09	3.78665583867e-06
1.16297803699e-09	-3.41435129059e-08
1.20770796149e-09	-5.07837341956e-06
1.25243788599e-09	-8.96517258298e-06
1.29716781049e-09	-9.18135833672e-06
1.34189773499e-09	-4.47884588084e-06
1.38662765949e-09	4.10934103456e-06
1.43135758399e-09	1.30840921884e-05
1.47608750849e-09	1.7676277821e-05
1.52081743299e-09	1.40991924127e-05
1.56554735749e-09	1.9039639767e-06
1.61027728199e-09	-1.48185370108e-05
1.65500720649e-09	-2.83580384348e-05
1.69973713099e-09	-3.05427329295e-05
1.74446705549e-09	-1.70701582647e-05
1.78919697999e-09	9.12841983336e-06
1.83392690449e-09	3.74940727852e-05
1.87865682899e-09	5.35091294296e-05
1.92338675349e-09	4.54628907391e-05
1.96811667799e-09	1.14389081318e-05
2.01284660249e-09	-3.7144174712e-05
2.05757652699e-09	-7.82985225669e-05
2.10230645149e-09	-8.85692115844e-05
2.14703637599e-09	-5.51354014533e-05
2.19176630049e-09	1.48546346281e-05
2.23649622499e-09	9.33640767471e-05
2.28122614949e-09	0.000141435964906
2.32595607398e-09	0.000127224593598
2.37068599848e-09	4.43179897047e-05
2.41541592298e-09	-7.93155850261e-05
2.46014584748e-09	-0.000188534570043
2.50487577198e-09	-0.000224036230065
2.54960569648e-09	-0.0001523830324
2.59433562098e-09	1.13409557798e-05
2.63906554548e-09	0.000201605183975
2.68379546998e-09	0.000326397530444
2.72852539448e-09	0.000309614006255
2.77325531898e-09	0.000133287099743
2.81798524348e-09	-0.000142377357406
2.86271516798e-09	-0.00039564420149
2.90744509248e-09	-0.000494593077747
2.95217501698e-09	-0.000362730723282
2.99690494148e-09	-2.74749454547e-05
3.04163486598e-09	0.000376392621547
3.08636479048e-09	0.000657570039039
3.13109471498e-09	0.000656106945826
3.17582463948e-09	0.000329191811034
3.22055456398e-09	-0.000209333869861
3.26528448848e-09	-0.000722901313566
3.31001441298e-09	-0.000953223221586
3.35474433748e-09	-0.00074674905045
3.39947426198e-09	-0.000146048103488
3.44420418648e-09	0.000604966699029
3.48893411098e-09	0.00115616919356
3.53366403548e-09	0.00121184875024
3.57839395998e-09	0.000684344937326
3.62312388448e-09	-0.000237331641983
3.66785380898e-09	-0.00114850950195
3.71258373348e-09	-0.00160408104421
3.75731365798e-09	-0.0013333944662
3.80204358248e-09	-0.000392056128476
3.84677350698e-09	0.000831571684103
3.89150343147e-09	0.00177335564513
3.93623335597e-09	0.00195231597172
3.98096328047e-09	0.00121319817845
4.02569320497e-09	-0.000168597693118
4.07042312947e-09	-0.00158372154692
4.11515305397e-09	-0.00235697760945
4.15988297847e-09	-0.0020692871185
4.20461290297e-09	-0.000779970971053
4.24934282747e-09	0.000966976585914
4.29407275197e-09	0.00237134768395
4.33880267647e-09	0.00274475303013
4.38353260097e-09	0.00184830339276
4.42826252547e-09	3.39656398864e-05
4.47299244997e-09	-0.00189059905824
4.51772237447e-09	-0.00302373716841
4.56245229897e-09	-0.00279518315801
4.60718222347e-09	-0.00125299103092
4.65191214797e-09	0.000932557712076
4.69664207247e-09	0.00276214332553
4.74137199697e-09	0.00336870242609
4.78610192147e-09	0.00243192573544
4.83083184597e-09	0.000346044558682
4.87556177047e-09	-0.00194663842558
4.92029169497e-09	-0.00338608300081
4.96502161947e-09	-0.00329008925473
5.00975154397e-09	-0.00168090130319
5.05448146847e-09	0.000715119749657
5.09921139297e-09	0.00279921991751
5.14394131747e-09	0.00361014809459
5.18867124197e-09	0.0027728092391
5.23340116647e-09	0.000673835500493
5.27813109097e-09	-0.00171909233904
5.32286101547e-09	-0.00330870749895
5.36759093997e-09	-0.00337733374909
5.41232086446e-09	-0.00191471696598
5.45705078896e-09	0.000386984844226
5.50178071346e-09	0.00246412173146
5.54651063796e-09	0.00337857549312
5.59124056246e-09	0.00274608447216
5.63597048696e-09	0.000898207770661
5.68070041146e-09	-0.00129039669991
5.72543033596e-09	-0.00281963369343
5.77016026046e-09	-0.0030253691948
5.81489018496e-09	-0.00186967226909
5.85962010946e-09	6.76081072015e-05
5.90435003396e-09	0.00187988337711
5.94907995846e-09	0.00276109151309
5.99380988296e-09	0.00236638390925
6.03853980746e-09	0.000943962775636
6.08326973196e-09	-0.000810381650808
6.12799965646e-09	-0.00209397246363
6.17272958096e-09	-0.00236602121731
6.21745950546e-09	-0.00157437875168
6.26218942996e-09	-0.000145968708239
6.30691935446e-09	0.00123883972992
6.35164927896e-09	0.00197017652681
6.39637920346e-09	0.0017766484234
6.44110912796e-09	0.000820039436803
6.48583905246e-09	-0.000412538764067
6.53056897696e-09	-0.00135373286321
6.57529890146e-09	-0.00161597531405
6.62002882596e-09	-0.0011478010565
6.66475875046e-09	-0.000225369803957
6.70948867496e-09	0.000701727272826
6.75421859946e-09	0.00122711641598
6.79894852396e-09	0.00116331555182
6.84367844846e-09	0.000601829073275
6.88840837296e-09	-0.000157255901286
6.93313829746e-09	-0.000760741750128
6.97786822195e-09	-0.000964081555139
7.02259814645e-09	-0.000726540281903
7.06732807095e-09	-0.000204985426535
7.11205799545e-09	0.000338985504641
7.15678791995e-09	0.000666852123686
7.20151784445e-09	0.000664835271891
7.24624776895e-09	0.000377604155801
7.29097769345e-09	-3.21769193761e-05
7.33570761795e-09	-0.00037082725612
7.38043754245e-09	-0.000502455033711
7.42516746695e-09	-0.000400122335122
7.46989739145e-09	-0.000142032633448
7.51462731595e-09	0.000137780112709
7.55935724045e-09	0.000315971818054
7.60408716495e-09	0.000331834031385
7.64881708945e-09	0.00020402644077
7.69354701395e-09	1.01202160749e-05
7.73827693845e-09	-0.000156317208166
7.78300686295e-09	-0.00022875749346
7.82773678745e-09	-0.00019202810654
7.87246671195e-09	-8.03166440164e-05
7.91719663645e-09	4.59014072476e-05
7.96192656095e-09	0.000130414362502
8.00665648545e-09	0.000144722213008
8.05138640995e-09	9.53942708293e-05
8.09611633445e-09	1.4971566543e-05
8.14084625895e-09	-5.67174565731e-05
8.18557618345e-09	-9.09674108698e-05
8.23030610795e-09	-8.04143692221e-05
8.27503603245e-09	-3.81528761864e-05
8.31976595695e-09	1.17866513847e-05
8.36449588145e-09	4.68228481623e-05
8.40922580595e-09	5.51735256522e-05
8.45395573045e-09	3.87307127312e-05
