% time-domain voltage integration by openEMS v0.37.0-rc2-21-gd59e7e7 @Sun Sep 20 14:35:46 2026
% start-coordinates: (-0.02412,-0.018,0) m -> [17,26,4]
% stop-coordinates: (-0.02412,-0.018,-0.0016) m -> [17,26,0]
% t/s	voltage
0	0
4.47299244997e-11	-7.61175407149e-08
8.94598489994e-11	-4.67969982765e-07
1.34189773499e-10	-6.31581059451e-07
1.78919697999e-10	-4.98207484156e-07
2.23649622499e-10	-2.86601733457e-08
2.68379546998e-10	6.35648333969e-07
3.13109471498e-10	1.1938206228e-06
3.57839395998e-10	1.28772924768e-06
4.02569320497e-10	6.92957527804e-07
4.47299244997e-10	-5.0827567577e-07
4.92029169497e-10	-1.85773998851e-06
5.36759093997e-10	-2.64985737886e-06
5.81489018496e-10	-2.2438259748e-06
6.26218942996e-10	-4.42976734405e-07
6.70948867496e-10	2.22318954002e-06
7.15678791995e-10	4.56242401015e-06
7.60408716495e-10	5.17584908266e-06
8.05138640995e-10	3.11433177558e-06
8.49868565494e-10	-1.32640911943e-06
8.94598489994e-10	-6.48697789529e-06
9.39328414494e-10	-9.73989290287e-06
9.84058338994e-10	-8.70641019901e-06
1.02878826349e-09	-2.60441811406e-06
1.07351818799e-09	6.79427807881e-06
1.11824811249e-09	1.53456073804e-05
1.16297803699e-09	1.81709524441e-05
1.20770796149e-09	1.20241029435e-05
1.25243788599e-09	-2.37316851326e-06
1.29716781049e-09	-1.96217397388e-05
1.34189773499e-09	-3.12458914777e-05
1.38662765949e-09	-2.94215301437e-05
1.43135758399e-09	-1.14191445846e-05
1.47608750849e-09	1.75231584763e-05
1.52081743299e-09	4.48848413725e-05
1.56554735749e-09	5.56862914891e-05
1.61027728199e-09	3.98931097152e-05
1.65500720649e-09	-9.24074143427e-07
1.69973713099e-09	-5.14861985721e-05
1.74446705549e-09	-8.75400692166e-05
1.78919697999e-09	-8.65722395247e-05
1.83392690449e-09	-4.02124169341e-05
1.87865682899e-09	3.79703242288e-05
1.92338675349e-09	0.000114497010145
1.96811667799e-09	0.000149082352436
2.01284660249e-09	0.000114320031571
2.05757652699e-09	1.29599518459e-05
2.10230645149e-09	-0.00011692496264
2.14703637599e-09	-0.000214270963625
2.19176630049e-09	-0.000222067468712
2.23649622499e-09	-0.000117913310532
2.28122614949e-09	6.72651094646e-05
2.32595607398e-09	0.0002546083997
2.37068599848e-09	0.00034874353878
2.41541592298e-09	0.000283908535494
2.46014584748e-09	6.34572024865e-05
2.50487577198e-09	-0.000229056095122
2.54960569648e-09	-0.000458234986581
2.59433562098e-09	-0.000497021341289
2.63906554548e-09	-0.000293140394206
2.68379546998e-09	9.14676020329e-05
2.72852539448e-09	0.000493128936796
2.77325531898e-09	0.000713044108124
2.81798524348e-09	0.000612538409769
2.86271516798e-09	0.000192664971109
2.90744509248e-09	-0.000385032064514
2.95217501698e-09	-0.000856097351061
2.99690494148e-09	-0.000971322893747
3.04163486598e-09	-0.000624095569947
3.08636479048e-09	7.64475680626e-05
3.13109471498e-09	0.000830990378745
3.17582463948e-09	0.00127458808129
3.22055456398e-09	0.00115020942758
3.26528448848e-09	0.000449998500699
3.31001441298e-09	-0.000550784287043
3.35474433748e-09	-0.0013970376458
3.39947426198e-09	-0.00165852511418
3.44420418648e-09	-0.00114505476085
3.48893411098e-09	-2.58282129835e-05
3.53366403548e-09	0.0012166875531
3.57839395998e-09	0.00199240251095
3.62312388448e-09	0.00188246087055
3.66785380898e-09	0.000860101485159
3.71258373348e-09	-0.000661136975395
3.75731365798e-09	-0.00199105471256
3.80204358248e-09	-0.00247575325193
3.84677350698e-09	-0.00181818180135
3.89150343147e-09	-0.000249357632129
3.93623335597e-09	0.00154501499492
3.98096328047e-09	0.00272433727514
4.02569320497e-09	0.00268838967895
4.07042312947e-09	0.00138151543797
4.11515305397e-09	-0.000648187211482
4.15988297847e-09	-0.00247797218617
4.20461290297e-09	-0.00323274469702
4.24934282747e-09	-0.00250607018825
4.29407275197e-09	-0.000576066915528
4.33880267647e-09	0.00169760116842
4.38353260097e-09	0.00325969251571
4.42826252547e-09	0.00335372617701
4.47299244997e-09	0.0018909702485
4.51772237447e-09	-0.000487223915115
4.56245229897e-09	-0.0026929405285
4.60718222347e-09	-0.00369476689957
4.65191214797e-09	-0.00300533062546
4.69664207247e-09	-0.000920384991332
4.74137199697e-09	0.00160882191267
4.78610192147e-09	0.00341456488241
4.83083184597e-09	0.00365814135876
4.87556177047e-09	0.00222407031106
4.92029169497e-09	-0.000224438990699
4.96502161947e-09	-0.00255573150935
5.00975154397e-09	-0.00369889772264
5.05448146847e-09	-0.0031415776466
5.09921139297e-09	-0.00116229691776
5.14394131747e-09	0.00130925248959
5.18867124197e-09	0.00313354306854
5.23340116647e-09	0.00349246169208
5.27813109097e-09	0.00226008734899
5.32286101547e-09	4.3230466872e-05
5.36759093997e-09	-0.00211892236257
5.41232086446e-09	-0.0032465372351
5.45705078896e-09	-0.00286733458051
5.50178071346e-09	-0.00121440499788
5.54651063796e-09	0.000909003138077
5.59124056246e-09	0.00252177921357
5.63597048696e-09	0.00292165379506
5.68070041146e-09	0.00199215431348
5.72543033596e-09	0.000225290124945
5.77016026046e-09	-0.00153590849368
5.81489018496e-09	-0.00250112358481
5.85962010946e-09	-0.00228861684445
5.90435003396e-09	-0.0010725101165
5.94907995846e-09	0.00053301686421
5.99380988296e-09	0.00178222043905
6.03853980746e-09	0.00214448419865
6.08326973196e-09	0.00152787743718
6.12799965646e-09	0.000286550741293
6.17272958096e-09	-0.00097476344672
6.21745950546e-09	-0.00169383993489
6.26218942996e-09	-0.00160011355183
6.30691935446e-09	-0.000810304438346
6.35164927896e-09	0.000259434331383
6.39637920346e-09	0.00110829653568
6.44110912796e-09	0.00138327819877
6.48583905246e-09	0.00102232638164
6.53056897696e-09	0.000252238591202
6.57529890146e-09	-0.000542990193935
6.62002882596e-09	-0.00101037445711
6.66475875046e-09	-0.000981775534456
6.70948867496e-09	-0.000527796684764
6.75421859946e-09	0.000101296638604
6.79894852396e-09	0.000608075904893
6.84367844846e-09	0.000785683136201
6.88840837296e-09	0.000598338025156
6.93313829746e-09	0.000175557361217
6.97786822195e-09	-0.000266527364147
7.02259814645e-09	-0.000532170961378
7.06732807095e-09	-0.000529773053131
7.11205799545e-09	-0.000298072809528
7.15678791995e-09	2.91154146908e-05
7.20151784445e-09	0.000295387639198
7.24624776895e-09	0.000393908070691
7.29097769345e-09	0.000307135611365
7.33570761795e-09	0.000101186788015
7.38043754245e-09	-0.000115942131742
7.42516746695e-09	-0.000248269250733
7.46989739145e-09	-0.000252054414887
7.51462731595e-09	-0.000146647053043
7.55935724045e-09	4.21251206717e-06
7.60408716495e-09	0.000127597715618
7.64881708945e-09	0.000174836754013
7.69354701395e-09	0.000138689953019
7.73827693845e-09	4.93984343848e-05
7.78300686295e-09	-4.50416491731e-05
7.82773678745e-09	-0.000102962716483
7.87246671195e-09	-0.000106058549136
7.91719663645e-09	-6.31346720184e-05
7.96192656095e-09	-1.29580257635e-06
8.00665648545e-09	4.92550479976e-05
8.05138640995e-09	6.89367061568e-05
8.09611633445e-09	5.52832379981e-05
8.14084625895e-09	2.07117773243e-05
8.18557618345e-09	-1.57678377946e-05
8.23030610795e-09	-3.81123572879e-05
8.27503603245e-09	-3.96073728552e-05
8.31976595695e-09	-2.38966140387e-05
8.36449588145e-09	-1.29103247559e-06
8.40922580595e-09	1.70761964e-05
8.45395573045e-09	2.42375235757e-05
