% time-domain current integration by openEMS v0.37.0-rc2-21-gd59e7e7 @Sun Sep 20 14:35:46 2026
% start-coordinates: (0.02412,-0.0204829,-0.0004) m -> [67,23,3]
% stop-coordinates: (0.02412,-0.0164315,0) m -> [67,28,4]
% t/s	current
5.32499101187e-13	-0
4.52624236009e-11	-0
8.99923481006e-11	-0
1.347222726e-10	4.11996782596e-27
1.794521971e-10	1.26765447403e-15
2.241821216e-10	2.44636897545e-11
2.68912046099e-10	5.59347151929e-11
3.13641970599e-10	2.56070969984e-10
3.58371895099e-10	2.32570052106e-09
4.03101819599e-10	1.11223856791e-08
4.47831744098e-10	1.3993751935e-08
4.92561668598e-10	9.53024059669e-09
5.37291593098e-10	-1.0314012977e-09
5.82021517597e-10	-1.57787276578e-08
6.26751442097e-10	-2.67626543149e-08
6.71481366597e-10	-2.69397624209e-08
7.16211291097e-10	-1.21297345501e-08
7.60941215596e-10	1.50752690331e-08
8.05671140096e-10	4.36371081491e-08
8.50401064596e-10	5.79363472752e-08
8.95130989095e-10	4.49566357474e-08
9.39860913595e-10	2.39793962464e-09
9.84590838095e-10	-5.61706414715e-08
1.02932076259e-09	-1.03611625946e-07
1.07405068709e-09	-1.09730613929e-07
1.11878061159e-09	-5.74104248585e-08
1.16351053609e-09	4.36689404637e-08
1.20824046059e-09	1.53423826532e-07
1.25297038509e-09	2.14539696231e-07
1.29770030959e-09	1.77591658712e-07
1.34243023409e-09	3.2545820261e-08
1.38716015859e-09	-1.74601979097e-07
1.43189008309e-09	-3.49976545522e-07
1.47662000759e-09	-3.88650875038e-07
1.52134993209e-09	-2.29217306469e-07
1.56607985659e-09	9.9761834349e-08
1.61080978109e-09	4.69536161063e-07
1.65553970559e-09	6.92442199579e-07
1.70026963009e-09	6.0777000499e-07
1.74499955459e-09	1.76132118668e-07
1.78972947909e-09	-4.65735269017e-07
1.83445940359e-09	-1.03172317267e-06
1.87918932809e-09	-1.20059098663e-06
1.92391925259e-09	-7.7970082657e-07
1.96864917709e-09	1.58598865596e-07
2.01337910159e-09	1.24861685435e-06
2.05810902609e-09	1.95320899365e-06
2.10283895059e-09	1.80781557901e-06
2.14756887509e-09	6.85006170897e-07
2.19229879959e-09	-1.05773176529e-06
2.23702872409e-09	-2.65371159003e-06
2.28175864859e-09	-3.2375714909e-06
2.32648857309e-09	-2.27873783842e-06
2.37121849759e-09	6.51439080457e-08
2.41594842209e-09	2.88035994345e-06
2.46067834659e-09	4.81274446429e-06
2.50540827108e-09	4.68184589408e-06
2.55013819558e-09	2.13185489883e-06
2.59486812008e-09	-2.01544094125e-06
2.63959804458e-09	-5.95167466599e-06
2.68432796908e-09	-7.62458375902e-06
2.72905789358e-09	-5.75117701374e-06
2.77378781808e-09	-6.24108963621e-07
2.81851774258e-09	5.74741534365e-06
2.86324766708e-09	1.03579195638e-05
2.90797759158e-09	1.05681965579e-05
2.95270751608e-09	5.51794573767e-06
2.99743744058e-09	-3.13269788421e-06
3.04216736508e-09	-1.16284600153e-05
3.08689728958e-09	-1.56852293003e-05
3.13162721408e-09	-1.25775723063e-05
3.17635713858e-09	-2.76007767752e-06
3.22108706308e-09	9.87866496871e-06
3.26581698758e-09	1.94656859094e-05
3.31054691208e-09	2.0809337002e-05
3.35527683658e-09	1.21009134091e-05
3.40000676108e-09	-3.7136192077e-06
3.44473668558e-09	-1.97683039005e-05
3.48946661008e-09	-2.81903667201e-05
3.53419653458e-09	-2.38920565607e-05
3.57892645908e-09	-7.4429972301e-06
3.62365638358e-09	1.4533099602e-05
3.66838630808e-09	3.19314603985e-05
3.71311623258e-09	3.57649951184e-05
3.75784615708e-09	2.27184118557e-05
3.80257608158e-09	-2.61801324086e-06
3.84730600608e-09	-2.91915566777e-05
3.89203593058e-09	-4.42651326011e-05
3.93676585508e-09	-3.94896524085e-05
3.98149577958e-09	-1.53880555445e-05
4.02622570408e-09	1.81101240742e-05
4.07095562857e-09	4.56964153273e-05
4.11568555307e-09	5.36784100404e-05
4.16041547757e-09	3.67472566722e-05
4.20514540207e-09	1.18013133488e-06
4.24987532657e-09	-3.73574002879e-05
4.29460525107e-09	-6.07218426012e-05
4.33933517557e-09	-5.68654359085e-05
4.38406510007e-09	-2.60052711383e-05
4.42879502457e-09	1.87597233889e-05
4.47352494907e-09	5.70077136217e-05
4.51825487357e-09	7.037587784e-05
4.56298479807e-09	5.14257408213e-05
4.60771472257e-09	7.68611062085e-06
4.65244464707e-09	-4.12937588408e-05
4.69717457157e-09	-7.2756978625e-05
4.74190449607e-09	-7.14122870704e-05
4.78663442057e-09	-3.69148801838e-05
4.83136434507e-09	1.553061702e-05
4.87609426957e-09	6.1934311816e-05
4.92082419407e-09	8.06164607638e-05
4.96555411857e-09	6.24463282293e-05
5.01028404307e-09	1.53374730871e-05
5.05501396757e-09	-3.92309993913e-05
5.09974389207e-09	-7.61242772569e-05
5.14447381657e-09	-7.82674687798e-05
5.18920374107e-09	-4.46420854132e-05
5.23393366557e-09	9.22457638808e-06
5.27866359007e-09	5.85157322348e-05
5.32339351457e-09	8.06952157291e-05
5.36812343907e-09	6.59344950691e-05
5.41285336357e-09	2.15152158489e-05
5.45758328807e-09	-3.17851627187e-05
5.50231321257e-09	-6.95186681696e-05
5.54704313707e-09	-7.49066239223e-05
5.59177306156e-09	-4.63762735308e-05
5.63650298606e-09	2.1242785806e-06
5.68123291056e-09	4.79870614072e-05
5.72596283506e-09	7.05835118424e-05
5.77069275956e-09	6.06280664215e-05
5.81542268406e-09	2.39778964897e-05
5.86015260856e-09	-2.16721364268e-05
5.90488253306e-09	-5.53786630917e-05
5.94961245756e-09	-6.26293040114e-05
5.99434238206e-09	-4.16063558077e-05
6.03907230656e-09	-3.32899003297e-06
6.08380223106e-09	3.40647493431e-05
6.12853215556e-09	5.39453139936e-05
6.17326208006e-09	4.86077406094e-05
6.21799200456e-09	2.21625596168e-05
6.26272192906e-09	-1.21236571431e-05
6.30745185356e-09	-3.84484410461e-05
6.35218177806e-09	-4.57606074633e-05
6.39691170256e-09	-3.23521744576e-05
6.44164162706e-09	-5.87707427258e-06
6.48637155156e-09	2.08489200304e-05
6.53110147606e-09	3.60177327821e-05
6.57583140056e-09	3.40103579219e-05
6.62056132506e-09	1.73366843228e-05
6.66529124956e-09	-5.24719007444e-06
6.71002117406e-09	-2.32382080867e-05
6.75475109856e-09	-2.92253425869e-05
6.79948102306e-09	-2.18600271182e-05
6.84421094756e-09	-5.81504718866e-06
6.88894087206e-09	1.09343163786e-05
6.93367079656e-09	2.10016041819e-05
6.97840072106e-09	2.07831872103e-05
7.02313064556e-09	1.16070732474e-05
7.06786057006e-09	-1.43964746258e-06
7.11259049456e-09	-1.22069614008e-05
7.15732041905e-09	-1.63169988809e-05
7.20205034355e-09	-1.28600240714e-05
7.24678026805e-09	-4.3424101932e-06
7.29151019255e-09	4.86452836412e-06
7.33624011705e-09	1.06894240162e-05
7.38097004155e-09	1.10986675281e-05
7.42569996605e-09	6.69730070513e-06
7.47042989055e-09	8.67271836569e-08
7.51515981505e-09	-5.5601162785e-06
7.55988973955e-09	-7.96444146545e-06
7.60461966405e-09	-6.59681336401e-06
7.64934958855e-09	-2.63766764874e-06
7.69407951305e-09	1.802517545e-06
7.73880943755e-09	4.74591888633e-06
7.78353936205e-09	5.18208253197e-06
7.82826928655e-09	3.34590981765e-06
7.87299921105e-09	4.08181591638e-07
7.91772913555e-09	-2.1884866328e-06
7.96245906005e-09	-3.39849384545e-06
8.00718898455e-09	-2.95435188491e-06
8.05191890905e-09	-1.34388778861e-06
8.09664883355e-09	5.35316473815e-07
8.14137875805e-09	1.83619545169e-06
8.18610868255e-09	2.11639735426e-06
8.23083860705e-09	1.45216165492e-06
8.27556853155e-09	3.07163674051e-07
8.32029845605e-09	-7.40439020319e-07
8.36502838055e-09	-1.26755833207e-06
8.40975830505e-09	-1.1563387261e-06
8.45448822955e-09	-5.83491726047e-07
