% time-domain voltage integration by openEMS v0.37.0-rc2-21-gd59e7e7 @Sun Sep 20 14:35:46 2026
% start-coordinates: (-0.02608,-0.018,0) m -> [15,26,4]
% stop-coordinates: (-0.02608,-0.018,-0.0016) m -> [15,26,0]
% t/s	voltage
0	0
4.47299244997e-11	-2.36524034136e-07
8.94598489994e-11	-5.41289182365e-07
1.34189773499e-10	-6.31384523331e-07
1.78919697999e-10	-3.9815340358e-07
2.23649622499e-10	1.51854884223e-07
2.68379546998e-10	8.23228205604e-07
3.13109471498e-10	1.28280694867e-06
3.57839395998e-10	1.18978283581e-06
4.02569320497e-10	3.9587700229e-07
4.47299244997e-10	-9.11693604166e-07
4.92029169497e-10	-2.17603434294e-06
5.36759093997e-10	-2.67524148967e-06
5.81489018496e-10	-1.85538613096e-06
6.26218942996e-10	2.77749791167e-07
6.70948867496e-10	2.99396413084e-06
7.15678791995e-10	4.97493977036e-06
7.60408716495e-10	4.87178078856e-06
8.05138640995e-10	2.0432073029e-06
8.49868565494e-10	-2.85729294092e-06
8.94598489994e-10	-7.76090723775e-06
9.39328414494e-10	-9.97500183075e-06
9.84058338994e-10	-7.45169188576e-06
1.02878826349e-09	-9.43361087025e-08
1.07351818799e-09	9.56036956268e-06
1.11824811249e-09	1.69670829564e-05
1.16297803699e-09	1.74074384631e-05
1.20770796149e-09	8.60420232129e-06
1.25243788599e-09	-7.37726998068e-06
1.29716781049e-09	-2.3969981612e-05
1.34189773499e-09	-3.24055326928e-05
1.38662765949e-09	-2.58951872638e-05
1.43135758399e-09	-3.82085045203e-06
1.47608750849e-09	2.62327803284e-05
1.52081743299e-09	5.03703076902e-05
1.56554735749e-09	5.41956478628e-05
1.61027728199e-09	3.04236100419e-05
1.65500720649e-09	-1.53829519149e-05
1.69973713099e-09	-6.45520358376e-05
1.74446705549e-09	-9.19968078961e-05
1.78919697999e-09	-7.80092377681e-05
1.83392690449e-09	-2.00290123757e-05
1.87865682899e-09	6.19354523224e-05
1.92338675349e-09	0.000130621625431
1.96811667799e-09	0.00014721748812
2.01284660249e-09	9.14487573027e-05
2.05757652699e-09	-2.36434093495e-05
2.10230645149e-09	-0.000151290332724
2.14703637599e-09	-0.000228221157158
2.19176630049e-09	-0.000204225514608
2.23649622499e-09	-7.10089170752e-05
2.28122614949e-09	0.000124990758195
2.32595607398e-09	0.000295774800179
2.37068599848e-09	0.000349209316482
2.41541592298e-09	0.000235821673414
2.46014584748e-09	-1.76849716809e-05
2.50487577198e-09	-0.000308104252326
2.54960569648e-09	-0.000494884661748
2.59433562098e-09	-0.000465495657409
2.63906554548e-09	-0.00019781228184
2.68379546998e-09	0.00021325338821
2.72852539448e-09	0.000584626061027
2.77325531898e-09	0.000723743971321
2.81798524348e-09	0.000524675080669
2.86271516798e-09	3.51759881596e-05
2.90744509248e-09	-0.000544112393982
2.95217501698e-09	-0.000938131328439
2.99690494148e-09	-0.00092499126913
3.04163486598e-09	-0.000454849963717
3.08636479048e-09	0.000301459913317
3.13109471498e-09	0.00100829778239
3.17582463948e-09	0.00131122017046
3.22055456398e-09	0.00101114070276
3.26528448848e-09	0.00018248123888
3.31001441298e-09	-0.000830953969853
3.35474433748e-09	-0.0015548717638
3.39947426198e-09	-0.00160420630709
3.44420418648e-09	-0.000882887514308
3.48893411098e-09	0.000338174482749
3.53366403548e-09	0.00151657755487
3.57839395998e-09	0.00207762006903
3.62312388448e-09	0.00169268855825
3.66785380898e-09	0.000462674455775
3.71258373348e-09	-0.00109298762982
3.75731365798e-09	-0.00225347693777
3.80204358248e-09	-0.00243052188307
3.84677350698e-09	-0.00146443588892
3.89150343147e-09	0.000266061091679
3.93623335597e-09	0.00198806539993
3.98096328047e-09	0.00288050743984
4.02569320497e-09	0.00246677262476
4.07042312947e-09	0.000865594352945
4.11515305397e-09	-0.00123074775911
4.15988297847e-09	-0.00285638769856
4.20461290297e-09	-0.00321991293458
4.24934282747e-09	-0.00209129613359
4.29407275197e-09	6.24070398771e-05
4.33880267647e-09	0.0022696320666
4.38353260097e-09	0.00349638494663
4.42826252547e-09	0.00313499948243
4.47299244997e-09	0.00130646818434
4.51772237447e-09	-0.00117484413204
4.56245229897e-09	-0.00316736305831
4.60718222347e-09	-0.00373318477068
4.65191214797e-09	-0.00258419028251
4.69664207247e-09	-0.000228996344958
4.74137199697e-09	0.00225443363888
4.78610192147e-09	0.00371787924087
4.83083184597e-09	0.00347997061908
4.87556177047e-09	0.00164717345615
4.92029169497e-09	-0.00093429905246
4.96502161947e-09	-0.00307372026145
5.00975154397e-09	-0.00379155378323
5.05448146847e-09	-0.00277325912612
5.09921139297e-09	-0.000508543205797
5.14394131747e-09	0.00194622509298
5.18867124197e-09	0.00346612249268
5.23340116647e-09	0.00337891967501
5.27813109097e-09	0.00176530587487
5.32286101547e-09	-0.000597258389462
5.36759093997e-09	-0.00261200551176
5.41232086446e-09	-0.00337693776237
5.45705078896e-09	-0.00259224697948
5.50178071346e-09	-0.00067548705556
5.54651063796e-09	0.00145824084757
5.59124056246e-09	0.00283601129195
5.63597048696e-09	0.00287399906665
5.68070041146e-09	0.00162481373991
5.72543033596e-09	-0.000279257546936
5.77016026046e-09	-0.00194540451048
5.81489018496e-09	-0.00264085823437
5.85962010946e-09	-0.00211578566814
5.90435003396e-09	-0.000686116662109
5.94907995846e-09	0.000946677857428
5.99380988296e-09	0.00203919800697
6.03853980746e-09	0.00214482937008
6.08326973196e-09	0.00129318388645
6.12799965646e-09	-5.99101540502e-05
6.17272958096e-09	-0.00127153031644
6.21745950546e-09	-0.00181612180313
6.26218942996e-09	-0.00151146386634
6.30691935446e-09	-0.000570193282329
6.35164927896e-09	0.000531296740519
6.39637920346e-09	0.00129071838455
6.44110912796e-09	0.0014069332392
6.48583905246e-09	0.000894549870281
6.53056897696e-09	4.53510911029e-05
6.57529890146e-09	-0.000730637810193
6.62002882596e-09	-0.00110032924567
6.66475875046e-09	-0.000947293869103
6.70948867496e-09	-0.000399181022658
6.75421859946e-09	0.000256959581748
6.79894852396e-09	0.000720684314729
6.84367844846e-09	0.000812867467175
6.88840837296e-09	0.000540096778423
6.93313829746e-09	6.85143622832e-05
6.97786822195e-09	-0.000369973953639
7.02259814645e-09	-0.000588622773648
7.06732807095e-09	-0.000522186543094
7.11205799545e-09	-0.000239217184571
7.15678791995e-09	0.000106577528641
7.20151784445e-09	0.000355892610969
7.24624776895e-09	0.000414628622821
7.29097769345e-09	0.000285715155769
7.33570761795e-09	5.3472073887e-05
7.38043754245e-09	-0.000165596225997
7.42516746695e-09	-0.000278742663795
7.46989739145e-09	-0.000253871796303
7.51462731595e-09	-0.000124003730889
7.55935724045e-09	3.75861627617e-05
7.60408716495e-09	0.000155900575919
7.64881708945e-09	0.000187222125533
7.69354701395e-09	0.00013293255688
7.73827693845e-09	3.12497204504e-05
7.78300686295e-09	-6.57456657791e-05
7.82773678745e-09	-0.00011718463611
7.87246671195e-09	-0.000109184336907
7.91719663645e-09	-5.60449443583e-05
7.96192656095e-09	1.10755077003e-05
8.00665648545e-09	6.07743149885e-05
8.05138640995e-09	7.50563231122e-05
8.09611633445e-09	5.46059472981e-05
8.14084625895e-09	1.49223581047e-05
8.18557618345e-09	-2.32386992138e-05
8.23030610795e-09	-4.38674496763e-05
8.27503603245e-09	-4.1674627937e-05
8.31976595695e-09	-2.22340186156e-05
8.36449588145e-09	2.61347372543e-06
8.40922580595e-09	2.11487949855e-05
8.45395573045e-09	2.67966543106e-05
