% time-domain current integration by openEMS v0.37.0-rc2-21-gd59e7e7 @Sun Sep 20 14:35:46 2026
% start-coordinates: (-0.0251,-0.0204829,-0.0004) m -> [16,23,3]
% stop-coordinates: (-0.0251,-0.0164315,0) m -> [16,28,4]
% t/s	current
5.32499101187e-13	0
4.52624236009e-11	-3.29223803774e-09
8.99923481006e-11	-1.1012355472e-08
1.347222726e-10	-1.44694052295e-08
1.794521971e-10	-1.09532996007e-08
2.241821216e-10	1.80644901815e-10
2.68912046099e-10	1.55209143315e-08
3.13641970599e-10	2.78736749237e-08
3.58371895099e-10	2.90843491513e-08
4.03101819599e-10	1.43330289859e-08
4.47831744098e-10	-1.39169378244e-08
4.92561668598e-10	-4.45863399534e-08
5.37291593098e-10	-6.12662063304e-08
5.82021517597e-10	-4.9678781977e-08
6.26751442097e-10	-6.4383027798e-09
6.71481366597e-10	5.53332419884e-08
7.16211291097e-10	1.07426828322e-07
7.60941215596e-10	1.17622015239e-07
8.05671140096e-10	6.68824355898e-08
8.50401064596e-10	-3.72096344847e-08
8.95130989095e-10	-1.54433763555e-07
9.39860913595e-10	-2.24936414384e-07
9.84590838095e-10	-1.94969359768e-07
1.02932076259e-09	-4.94978600329e-08
1.07405068709e-09	1.67160237652e-07
1.11878061159e-09	3.58951581347e-07
1.16351053609e-09	4.14072587773e-07
1.20824046059e-09	2.62593999878e-07
1.25297038509e-09	-7.3968003278e-08
1.29770030959e-09	-4.67108066005e-07
1.34243023409e-09	-7.21301432804e-07
1.38716015859e-09	-6.6158008849e-07
1.43189008309e-09	-2.33636200164e-07
1.47662000759e-09	4.33791569776e-07
1.52134993209e-09	1.04893229036e-06
1.56607985659e-09	1.27112718928e-06
1.61080978109e-09	8.80889047039e-07
1.65553970559e-09	-7.13937637897e-08
1.70026963009e-09	-1.22417293369e-06
1.74499955459e-09	-2.01995885618e-06
1.78972947909e-09	-1.95402822101e-06
1.83445940359e-09	-8.54892107327e-07
1.87918932809e-09	9.45708279687e-07
1.92391925259e-09	2.670710046e-06
1.96864917709e-09	3.40502356266e-06
2.01337910159e-09	2.54585438597e-06
2.05810902609e-09	1.88351620523e-07
2.10283895059e-09	-2.77218487099e-06
2.14756887509e-09	-4.9365958148e-06
2.19229879959e-09	-5.02518696521e-06
2.23702872409e-09	-2.56815678767e-06
2.28175864859e-09	1.6862445591e-06
2.32648857309e-09	5.91676462136e-06
2.37121849759e-09	7.96076437837e-06
2.41594842209e-09	6.36393178866e-06
2.46067834659e-09	1.26174438719e-06
2.50540827108e-09	-5.39739448868e-06
2.55013819558e-09	-1.05232593341e-05
2.59486812008e-09	-1.12619027277e-05
2.63959804458e-09	-6.49259709462e-06
2.68432796908e-09	2.30806244872e-06
2.72905789358e-09	1.13858686746e-05
2.77378781808e-09	1.62431133504e-05
2.81851774258e-09	1.37962588269e-05
2.86324766708e-09	4.15163094658e-06
2.90797759158e-09	-8.96589153854e-06
2.95270751608e-09	-1.95516713575e-05
2.99743744058e-09	-2.20059500862e-05
3.04216736508e-09	-1.39946896525e-05
3.08689728958e-09	1.93718869923e-06
3.13162721408e-09	1.89847778529e-05
3.17635713858e-09	2.89175113721e-05
3.22108706308e-09	2.59875323536e-05
3.26581698758e-09	1.00835459307e-05
3.31054691208e-09	-1.25425576698e-05
3.35527683658e-09	-3.16270452458e-05
3.40000676108e-09	-3.75024719688e-05
3.44473668558e-09	-2.5917248422e-05
3.48946661008e-09	-6.92274568337e-07
3.53419653458e-09	2.73300775007e-05
3.57892645908e-09	4.48979117209e-05
3.62365638358e-09	4.25889083999e-05
3.66838630808e-09	1.9750023057e-05
3.71311623258e-09	-1.44138111864e-05
3.75784615708e-09	-4.44731413154e-05
3.80257608158e-09	-5.57423336431e-05
3.84730600608e-09	-4.14371752413e-05
3.89203593058e-09	-6.53604365652e-06
3.93676585508e-09	3.37828132615e-05
3.98149577958e-09	6.0748487158e-05
4.02622570408e-09	6.07741676504e-05
4.07095562857e-09	3.22810228681e-05
4.11568555307e-09	-1.28551064336e-05
4.16041547757e-09	-5.42409507034e-05
4.20514540207e-09	-7.22467520973e-05
4.24987532657e-09	-5.73773031647e-05
4.29460525107e-09	-1.52289767357e-05
4.33933517557e-09	3.55413649231e-05
4.38406510007e-09	7.15468631824e-05
4.42879502457e-09	7.5549367466e-05
4.47352494907e-09	4.47769998573e-05
4.51825487357e-09	-7.3651585808e-06
4.56298479807e-09	-5.71889613639e-05
4.60771472257e-09	-8.16073661554e-05
4.65244464707e-09	-6.89518201398e-05
4.69717457157e-09	-2.4598386517e-05
4.74190449607e-09	3.13345590257e-05
4.78663442057e-09	7.32241242076e-05
4.83136434507e-09	8.18231856101e-05
4.87609426957e-09	5.32089288754e-05
4.92082419407e-09	5.90926902078e-07
4.96555411857e-09	-5.18633096362e-05
5.01028404307e-09	-8.02637805464e-05
5.05501396757e-09	-7.20085517969e-05
5.09974389207e-09	-3.14356366289e-05
5.14447381657e-09	2.24455125135e-05
5.18920374107e-09	6.49579014862e-05
5.23393366557e-09	7.71858321968e-05
5.27866359007e-09	5.44771137356e-05
5.32339351457e-09	8.15950897959e-06
5.36812343907e-09	-4.01275174227e-05
5.41285336357e-09	-6.86370913172e-05
5.45758328807e-09	-6.53989118291e-05
5.50231321257e-09	-3.32505624101e-05
5.54704313707e-09	1.20954318845e-05
5.59177306156e-09	4.97583096148e-05
5.63650298606e-09	6.33728923276e-05
5.68123291056e-09	4.82277137053e-05
5.72596283506e-09	1.27356688608e-05
5.77069275956e-09	-2.61167042481e-05
5.81542268406e-09	-5.09190795128e-05
5.86015260856e-09	-5.16634281666e-05
5.90488253306e-09	-2.9720042221e-05
5.94961245756e-09	3.57690396413e-06
5.99434238206e-09	3.27149355144e-05
6.03907230656e-09	4.5228516683e-05
6.08380223106e-09	3.69988447346e-05
6.12853215556e-09	1.33960593303e-05
6.17326208006e-09	-1.39078947541e-05
6.21799200456e-09	-3.2658357668e-05
6.26272192906e-09	-3.54856929334e-05
6.30745185356e-09	-2.26989304792e-05
6.35218177806e-09	-1.40838858442e-06
6.39691170256e-09	1.82776821021e-05
6.44164162706e-09	2.7999158192e-05
6.48637155156e-09	2.46267500188e-05
6.53110147606e-09	1.1068222193e-05
6.57583140056e-09	-5.67099323234e-06
6.62056132506e-09	-1.80112383532e-05
6.66529124956e-09	-2.11697333725e-05
6.71002117406e-09	-1.49097504618e-05
6.75475109856e-09	-3.08996800413e-06
6.79948102306e-09	8.52023276821e-06
6.84421094756e-09	1.49842708197e-05
6.88894087206e-09	1.42263970702e-05
6.93367079656e-09	7.54899929234e-06
6.97840072106e-09	-1.38690336371e-06
7.02313064556e-09	-8.46465991344e-06
7.06786057006e-09	-1.09471739052e-05
7.11259049456e-09	-8.45470458444e-06
7.15732041905e-09	-2.78319271274e-06
7.20205034355e-09	3.18869069815e-06
7.24678026805e-09	6.89469243298e-06
7.29151019255e-09	7.12868086339e-06
7.33624011705e-09	4.34581625086e-06
7.38097004155e-09	2.0409230217e-07
7.42569996605e-09	-3.3353010167e-06
7.47042989055e-09	-4.89039030072e-06
7.51515981505e-09	-4.14746136812e-06
7.55988973955e-09	-1.81261987109e-06
7.60461966405e-09	8.62130377755e-07
7.64934958855e-09	2.70261489277e-06
7.69407951305e-09	3.09340703097e-06
7.73880943755e-09	2.13637144952e-06
7.78353936205e-09	4.77219259665e-07
7.82826928655e-09	-1.06574896108e-06
7.87299921105e-09	-1.8766500034e-06
7.91772913555e-09	-1.76121375262e-06
7.96245906005e-09	-9.47000557971e-07
8.00718898455e-09	9.34389774443e-08
8.05191890905e-09	8.87453097675e-07
8.09664883355e-09	1.15878162887e-06
8.14137875805e-09	9.02657632196e-07
8.18610868255e-09	3.32487104515e-07
8.23083860705e-09	-2.53374253134e-07
8.27556853155e-09	-6.12580606685e-07
8.32029845605e-09	-6.46971727747e-07
8.36502838055e-09	-4.12325476873e-07
8.40975830505e-09	-6.23400637778e-08
8.45448822955e-09	2.35727753761e-07
