% time-domain current integration by openEMS v0.37.0-rc2-21-gd59e7e7 @Sun Sep 20 14:35:46 2026
% start-coordinates: (0.0251,-0.0204829,-0.0004) m -> [68,23,3]
% stop-coordinates: (0.0251,-0.0164315,0) m -> [68,28,4]
% t/s	current
5.32499101187e-13	-0
4.52624236009e-11	-0
8.99923481006e-11	-0
1.347222726e-10	4.01140248092e-28
1.794521971e-10	3.48813620454e-16
2.241821216e-10	1.81422099566e-11
2.68912046099e-10	5.36740339674e-11
3.13641970599e-10	2.05518685403e-10
3.58371895099e-10	1.68827085645e-09
4.03101819599e-10	1.01938395503e-08
4.47831744098e-10	1.38231701641e-08
4.92561668598e-10	1.05196855671e-08
5.37291593098e-10	5.73932346093e-10
5.82021517597e-10	-1.34386164419e-08
6.26751442097e-10	-2.54291876445e-08
6.71481366597e-10	-2.75305946928e-08
7.16211291097e-10	-1.4898010825e-08
7.60941215596e-10	1.08462900883e-08
8.05671140096e-10	3.98513506639e-08
8.50401064596e-10	5.68307143567e-08
8.95130989095e-10	4.80941686476e-08
9.39860913595e-10	9.53078505006e-09
9.84590838095e-10	-4.76140407102e-08
1.02932076259e-09	-9.77788374712e-08
1.07405068709e-09	-1.10834143641e-07
1.11878061159e-09	-6.70479138876e-08
1.16351053609e-09	2.79306480166e-08
1.20824046059e-09	1.38377089343e-07
1.25297038509e-09	2.08533194268e-07
1.29770030959e-09	1.8686084502e-07
1.34243023409e-09	5.67813174257e-08
1.38716015859e-09	-1.44122211054e-07
1.43189008309e-09	-3.27938636246e-07
1.47662000759e-09	-3.89510830701e-07
1.52134993209e-09	-2.59222815657e-07
1.56607985659e-09	4.83656954486e-08
1.61080978109e-09	4.18274993308e-07
1.65553970559e-09	6.68950463023e-07
1.70026963009e-09	6.32252067589e-07
1.74499955459e-09	2.4869484605e-07
1.78972947909e-09	-3.70897339508e-07
1.83445940359e-09	-9.59160502134e-07
1.87918932809e-09	-1.19470757909e-06
1.92391925259e-09	-8.60809279857e-07
1.96864917709e-09	1.13565121751e-08
2.01337910159e-09	1.09636948764e-06
2.05810902609e-09	1.87484624803e-06
2.10283895059e-09	1.86237537037e-06
2.14756887509e-09	8.75549460488e-07
2.19229879959e-09	-7.98933569968e-07
2.23702872409e-09	-2.44593570642e-06
2.28175864859e-09	-3.20044841828e-06
2.32648857309e-09	-2.4695382308e-06
2.37121849759e-09	-3.0456311606e-07
2.41594842209e-09	2.48436094807e-06
2.46067834659e-09	4.58913336843e-06
2.50540827108e-09	4.78137644677e-06
2.55013819558e-09	2.5691817882e-06
2.59486812008e-09	-1.39688677336e-06
2.63959804458e-09	-5.43257647223e-06
2.68432796908e-09	-7.48880211177e-06
2.72905789358e-09	-6.14002237853e-06
2.77378781808e-09	-1.4369912833e-06
2.81851774258e-09	4.84571546622e-06
2.86324766708e-09	9.80762069958e-06
2.90797759158e-09	1.07079731606e-05
2.95270751608e-09	6.39459085505e-06
2.99743744058e-09	-1.83725387615e-06
3.04216736508e-09	-1.04957734948e-05
3.08689728958e-09	-1.53079436132e-05
3.13162721408e-09	-1.32613095047e-05
3.17635713858e-09	-4.32489332525e-06
3.22108706308e-09	8.08067306934e-06
3.26581698758e-09	1.82932453754e-05
3.31054691208e-09	2.09312001971e-05
3.35527683658e-09	1.36343523991e-05
3.40000676108e-09	-1.33653907142e-06
3.44473668558e-09	-1.76082285179e-05
3.48946661008e-09	-2.73361383734e-05
3.53419653458e-09	-2.49231034104e-05
3.57892645908e-09	-1.00797569758e-05
3.62365638358e-09	1.1392579836e-05
3.66838630808e-09	2.97617243632e-05
3.71311623258e-09	3.57275166607e-05
3.75784615708e-09	2.50561242865e-05
3.80257608158e-09	1.2037921806e-06
3.84730600608e-09	-2.55886043306e-05
3.89203593058e-09	-4.26417173003e-05
3.93676585508e-09	-4.08095256716e-05
3.98149577958e-09	-1.92756306205e-05
4.02622570408e-09	1.33041658046e-05
4.07095562857e-09	4.22010089096e-05
4.11568555307e-09	5.32680351171e-05
4.16041547757e-09	3.9847818698e-05
4.20514540207e-09	6.56339261695e-06
4.24987532657e-09	-3.20983053825e-05
4.29460525107e-09	-5.80929772696e-05
4.33933517557e-09	-5.82739739912e-05
4.38406510007e-09	-3.10177601932e-05
4.42879502457e-09	1.23153768072e-05
4.47352494907e-09	5.20977810083e-05
4.51825487357e-09	6.93855108693e-05
4.56298479807e-09	5.49950309505e-05
4.60771472257e-09	1.43284350997e-05
4.65244464707e-09	-3.45729677065e-05
4.69717457157e-09	-6.90977758495e-05
4.74190449607e-09	-7.2619295679e-05
4.78663442057e-09	-4.25630241807e-05
4.83136434507e-09	7.95810137788e-06
4.87609426957e-09	5.59129293833e-05
4.92082419407e-09	7.89674086263e-05
4.96555411857e-09	6.6000429797e-05
5.01028404307e-09	2.25154544751e-05
5.05501396757e-09	-3.17089397868e-05
5.09974389207e-09	-7.17219154467e-05
5.14447381657e-09	-7.90183839854e-05
5.18920374107e-09	-5.01992290083e-05
5.23393366557e-09	1.42670887726e-06
5.27866359007e-09	5.20624234923e-05
5.32339351457e-09	7.85234005889e-05
5.36812343907e-09	6.89801745466e-05
5.41285336357e-09	2.83067965938e-05
5.45758328807e-09	-2.44097609539e-05
5.50231321257e-09	-6.49235662422e-05
5.54704313707e-09	-7.51064144424e-05
5.59177306156e-09	-5.11447942699e-05
5.63650298606e-09	-4.91269383929e-06
5.68123291056e-09	4.1938132199e-05
5.72596283506e-09	6.82139507262e-05
5.77069275956e-09	6.28563429927e-05
5.81542268406e-09	2.96021808026e-05
5.86015260856e-09	-1.53353848873e-05
5.90488253306e-09	-5.12065089424e-05
5.94961245756e-09	-6.23767627985e-05
5.99434238206e-09	-4.51693813375e-05
6.03907230656e-09	-8.89376860869e-06
6.08380223106e-09	2.91027045023e-05
6.12853215556e-09	5.17573134857e-05
6.17326208006e-09	4.99807174492e-05
6.21799200456e-09	2.62371122517e-05
6.26272192906e-09	-7.3521368904e-06
6.30745185356e-09	-3.51467169821e-05
6.35218177806e-09	-4.52737003798e-05
6.39691170256e-09	-3.46653941961e-05
6.44164162706e-09	-9.73288115347e-06
6.48637155156e-09	1.72847358044e-05
6.53110147606e-09	3.42877101502e-05
6.57583140056e-09	3.47043023794e-05
6.62056132506e-09	1.99173518922e-05
6.66529124956e-09	-2.09788345273e-06
6.71002117406e-09	-2.09574227483e-05
6.75475109856e-09	-2.87201874016e-05
6.79948102306e-09	-2.3160901037e-05
6.84421094756e-09	-8.1555936049e-06
6.88894087206e-09	8.69160521688e-06
6.93367079656e-09	1.98218749574e-05
6.97840072106e-09	2.10537600651e-05
7.02313064556e-09	1.30348462335e-05
7.06786057006e-09	3.82561495371e-07
7.11259049456e-09	-1.08299764179e-05
7.15732041905e-09	-1.59237988555e-05
7.20205034355e-09	-1.34908113978e-05
7.24678026805e-09	-5.58679494134e-06
7.29151019255e-09	3.62777882401e-06
7.33624011705e-09	9.99230360321e-06
7.38097004155e-09	1.11642893899e-05
7.42569996605e-09	7.38652397558e-06
7.47042989055e-09	1.01106718375e-06
7.51515981505e-09	-4.8328270168e-06
7.55988973955e-09	-7.71580653236e-06
7.60461966405e-09	-6.85864415573e-06
7.64934958855e-09	-3.21695256389e-06
7.69407951305e-09	1.20460822473e-06
7.73880943755e-09	4.38775759903e-06
7.78353936205e-09	5.17655553267e-06
7.82826928655e-09	3.63575213669e-06
7.87299921105e-09	8.19278511699e-07
7.91772913555e-09	-1.8521208176e-06
7.96245906005e-09	-3.26660483552e-06
8.00718898455e-09	-3.04626564684e-06
8.05191890905e-09	-1.57990518801e-06
8.09664883355e-09	2.81790477175e-07
8.14137875805e-09	1.67577468346e-06
8.18610868255e-09	2.09931204154e-06
8.23083860705e-09	1.55810732849e-06
8.27556853155e-09	4.6747609872e-07
8.32029845605e-09	-6.04102183388e-07
8.36502838055e-09	-1.2078854752e-06
8.40975830505e-09	-1.18298567031e-06
8.45448822955e-09	-6.67590086323e-07
