% time-domain voltage integration by openEMS v0.37.0-rc2-21-gd59e7e7 @Sun Sep 20 14:03:13 2026
% start-coordinates: (-0.0239,-0.018,3.5e-05) m -> [18,51,43]
% stop-coordinates: (-0.0239,-0.018,-0.0016) m -> [18,51,29]
% t/s	voltage
0	0
5.09944541455e-11	-0.0217926939949
1.01988908291e-10	-0.0342164176982
1.52983362436e-10	-0.0269972296664
2.03977816582e-10	-0.00352448856574
2.54972270727e-10	0.0224244145211
3.05966724873e-10	0.0375954041956
3.56961179018e-10	0.0335628443863
4.07955633164e-10	0.0126022439217
4.58950087309e-10	-0.0150525047211
5.09944541455e-10	-0.0331217398634
5.609389956e-10	-0.0294185287785
6.11933449746e-10	-0.00788857742737
6.62927903891e-10	0.0146989047644
7.13922358037e-10	0.0182208876358
7.64916812182e-10	-0.0163085358799
8.15911266328e-10	-0.0478991131531
8.66905720473e-10	-0.0523301699432
9.17900174619e-10	-0.0274954425986
9.68894628764e-10	0.0152295785083
1.01988908291e-09	0.0558767602779
1.07088353706e-09	0.0689240247011
1.1218779912e-09	0.0379447129089
1.17287244535e-09	-0.0175560936332
1.22386689949e-09	-0.0557455751114
1.27486135364e-09	-0.0576159637421
1.32585580778e-09	-0.0285979001783
1.37685026193e-09	0.00958189135417
1.42784471607e-09	0.032082792779
1.47883917022e-09	0.018795343989
1.52983362436e-09	-0.0119695353787
1.58082807851e-09	-0.0386740966933
1.63182253266e-09	-0.0477537250845
