% time-domain current integration by openEMS v0.37.0-rc2-21-gd59e7e7 @Sun Sep 20 14:03:13 2026
% start-coordinates: (-0.0019229,-0.008879,0) m -> [60,71,42]
% stop-coordinates: (0.00145,-0.008879,3.5e-05) m -> [67,71,43]
% t/s	current
2.07632142286e-14	0
5.10152173597e-11	-5.65033156845e-32
1.02009671505e-10	-1.13967537629e-08
1.53004125651e-10	-2.2697388431e-06
2.03998579796e-10	-4.93186189487e-06
2.54993033942e-10	-2.02745904971e-05
3.05987488087e-10	-8.47698538564e-05
3.56981942233e-10	-0.00013679319818
4.07976396378e-10	-8.12979560578e-05
4.58970850524e-10	6.8136396294e-05
5.09965304669e-10	0.000184512347914
5.60959758815e-10	0.000187789177289
6.1195421296e-10	0.00011171681399
6.62948667105e-10	4.48485525339e-06
7.13943121251e-10	-0.000110922257591
7.64937575396e-10	-0.000209020043258
8.15932029542e-10	-0.000181629875442
8.66926483687e-10	-1.10151113404e-05
9.17920937833e-10	0.000179790265975
9.68915391978e-10	0.000216303698835
1.01990984612e-09	6.56561096548e-05
1.07090430027e-09	-0.000148405772052
1.12189875441e-09	-0.000223963856115
1.17289320856e-09	-0.000141231823363
1.22388766271e-09	1.62395390362e-05
1.27488211685e-09	0.000156653550221
1.325876571e-09	0.000247566000326
1.37687102514e-09	0.00022061362688
1.42786547929e-09	3.80343299184e-05
1.47885993343e-09	-0.000197024666704
1.52985438758e-09	-0.000308473798214
1.58084884172e-09	-0.000207298799069
1.63184329587e-09	1.15570919661e-05
