% time-domain current integration by openEMS v0.37.0-rc2-21-gd59e7e7 @Sun Sep 20 14:03:13 2026
% start-coordinates: (-0.0239,-0.0205263,0) m -> [18,44,42]
% stop-coordinates: (-0.0239,-0.016,3.5e-05) m -> [18,56,43]
% t/s	current
2.07632142286e-14	0
5.10152173597e-11	-0.000104302700493
1.02009671505e-10	-0.00019610466552
1.53004125651e-10	-0.000177033725777
2.03998579796e-10	-5.46611954633e-05
2.54993033942e-10	9.89534310065e-05
3.05987488087e-10	0.000185154232895
3.56981942233e-10	0.000167802791111
4.07976396378e-10	5.13368468091e-05
4.58970850524e-10	-9.13920011953e-05
5.09965304669e-10	-0.000184262855328
5.60959758815e-10	-0.000170425322722
6.1195421296e-10	-4.91424543725e-05
6.62948667105e-10	0.000111346213089
7.13943121251e-10	0.000230360485148
7.64937575396e-10	0.0002249655372
8.15932029542e-10	3.35838703904e-05
8.66926483687e-10	-0.000160787894856
9.17920937833e-10	-0.000272248958936
9.68915391978e-10	-0.000230735735386
1.01990984612e-09	-6.18132398813e-05
1.07090430027e-09	0.000157886141096
1.12189875441e-09	0.000294714729534
1.17289320856e-09	0.000243721122388
1.22388766271e-09	4.46541998826e-05
1.27488211685e-09	-0.000171276769834
1.325876571e-09	-0.000272162258625
1.37687102514e-09	-0.000210148486076
1.42786547929e-09	-1.40265165101e-05
1.47885993343e-09	0.000193575120647
1.52985438758e-09	0.000256243190961
1.58084884172e-09	0.000188057965715
1.63184329587e-09	-1.63129861903e-05
