% time-domain voltage integration by openEMS v0.37.0-rc2-21-gd59e7e7 @Sun Sep 20 14:03:13 2026
% start-coordinates: (0,-0.00860023,3.5e-05) m -> [64,72,43]
% stop-coordinates: (0,-0.00860023,-0.0016) m -> [64,72,29]
% t/s	voltage
0	0
5.09944541455e-11	0
1.01988908291e-10	7.20379471353e-09
1.52983362436e-10	-3.41015098684e-05
2.03977816582e-10	-0.000169448878751
2.54972270727e-10	-0.00186932813449
3.05966724873e-10	-0.0119423208525
3.56961179018e-10	-0.0205422665458
4.07955633164e-10	-0.019391044334
4.58950087309e-10	-0.0190404073801
5.09944541455e-10	-0.0127459540672
5.609389956e-10	0.000121986393424
6.11933449746e-10	0.011723980977
6.62927903891e-10	0.0174554272962
7.13922358037e-10	0.011715732835
7.64916812182e-10	-0.0044553127882
8.15911266328e-10	-0.0116933534155
8.66905720473e-10	-0.0124726000649
9.17900174619e-10	-0.0110087238427
9.68894628764e-10	-0.00198018176525
1.01988908291e-09	0.00282347657048
1.07088353706e-09	-0.00116237869588
1.1218779912e-09	-0.00472265013377
1.17287244535e-09	-0.0154459270707
1.22386689949e-09	-0.0249864926445
1.27486135364e-09	-0.0148334321566
1.32585580778e-09	0.0016783709907
1.37685026193e-09	0.0147601759527
1.42784471607e-09	0.0196750990581
1.47883917022e-09	0.01234663793
1.52983362436e-09	-0.00070403353493
1.58082807851e-09	-0.0129632331082
1.63182253266e-09	-0.02179718978
