% time-domain current integration by openEMS v0.37.0-rc2-21-gd59e7e7 @Sun Sep 20 14:03:13 2026
% start-coordinates: (-0.023,-0.0205263,0) m -> [19,44,42]
% stop-coordinates: (-0.023,-0.016,3.5e-05) m -> [19,56,43]
% t/s	current
2.07632142286e-14	0
5.10152173597e-11	-0.000101474768599
1.02009671505e-10	-0.000208632744034
1.53004125651e-10	-0.000200067661353
2.03998579796e-10	-7.39216338843e-05
2.54993033942e-10	9.46839500102e-05
3.05987488087e-10	0.000196391512873
3.56981942233e-10	0.000188309859368
4.07976396378e-10	7.02750767232e-05
4.58970850524e-10	-8.41789515107e-05
5.09965304669e-10	-0.000193864136236
5.60959758815e-10	-0.000191619226825
6.1195421296e-10	-6.68222710374e-05
6.62948667105e-10	0.000111322478915
7.13943121251e-10	0.000257253530435
7.64937575396e-10	0.000266133225523
8.15932029542e-10	4.65884768346e-05
8.66926483687e-10	-0.000178530259291
9.17920937833e-10	-0.000314234668622
9.68915391978e-10	-0.000274398596957
1.01990984612e-09	-8.41447545099e-05
1.07090430027e-09	0.000175142253283
1.12189875441e-09	0.000344954838511
1.17289320856e-09	0.000292355805868
1.22388766271e-09	6.07813271927e-05
1.27488211685e-09	-0.000193372383364
1.325876571e-09	-0.000314165925374
1.37687102514e-09	-0.000245814560913
1.42786547929e-09	-1.83591437235e-05
1.47885993343e-09	0.000224034520215
1.52985438758e-09	0.00029325534706
1.58084884172e-09	0.000215567139094
1.63184329587e-09	-2.27752170758e-05
