% time-domain current integration by openEMS v0.37.0-rc2-21-gd59e7e7 @Sun Sep 20 14:03:13 2026
% start-coordinates: (-0.0019229,-0.00908838,0) m -> [60,70,42]
% stop-coordinates: (0.00145,-0.00908838,3.5e-05) m -> [67,70,43]
% t/s	current
2.07632142286e-14	0
5.10152173597e-11	-1.31615988231e-31
1.02009671505e-10	-1.17757874563e-08
1.53004125651e-10	-2.33370474234e-06
2.03998579796e-10	-5.10698873768e-06
2.54993033942e-10	-2.16160369746e-05
3.05987488087e-10	-8.74690958881e-05
3.56981942233e-10	-0.000137061841087
4.07976396378e-10	-8.07814431028e-05
4.58970850524e-10	6.84690603521e-05
5.09965304669e-10	0.000187283600098
5.60959758815e-10	0.000190912222024
6.1195421296e-10	0.000113813897769
6.62948667105e-10	5.10284189659e-06
7.13943121251e-10	-0.000114308561024
7.64937575396e-10	-0.00021241614013
8.15932029542e-10	-0.000181985378731
8.66926483687e-10	-1.15417151392e-05
9.17920937833e-10	0.000181203693501
9.68915391978e-10	0.000218339599087
1.01990984612e-09	6.5414031269e-05
1.07090430027e-09	-0.000149406230776
1.12189875441e-09	-0.000225160227274
1.17289320856e-09	-0.000144573903526
1.22388766271e-09	1.62693431776e-05
1.27488211685e-09	0.000160539580975
1.325876571e-09	0.000251174089499
1.37687102514e-09	0.000222982867854
1.42786547929e-09	3.78113327315e-05
1.47885993343e-09	-0.000199759146199
1.52985438758e-09	-0.000311570707709
1.58084884172e-09	-0.000210004480323
1.63184329587e-09	1.03869188024e-05
