% time-domain voltage integration by openEMS v0.37.0-rc2-21-gd59e7e7 @Sun Sep 20 14:03:13 2026
% start-coordinates: (0,-0.00908838,3.5e-05) m -> [64,70,43]
% stop-coordinates: (0,-0.00908838,-0.0016) m -> [64,70,29]
% t/s	voltage
0	0
5.09944541455e-11	2.32678715613e-37
1.01988908291e-10	1.39268595337e-08
1.52983362436e-10	-3.00875205426e-05
2.03977816582e-10	-0.00021362786083
2.54972270727e-10	-0.00224936862651
3.05966724873e-10	-0.0127799198672
3.56961179018e-10	-0.0204694900895
4.07955633164e-10	-0.0182378448662
4.58950087309e-10	-0.017319616134
5.09944541455e-10	-0.0121197888511
5.609389956e-10	-0.000369209365999
6.11933449746e-10	0.0106058373349
6.62927903891e-10	0.0163325680478
7.13922358037e-10	0.0102724013559
7.64916812182e-10	-0.00488376485009
8.15911266328e-10	-0.0105934035091
8.66905720473e-10	-0.0101086255454
9.17900174619e-10	-0.00950676447246
9.68894628764e-10	-0.00267269489268
1.01988908291e-09	0.000507978365931
1.07088353706e-09	-0.00305960872356
1.1218779912e-09	-0.00464621889114
1.17287244535e-09	-0.0139867188409
1.22386689949e-09	-0.0232416210929
1.27486135364e-09	-0.0134937668918
1.32585580778e-09	0.00225537509323
1.37685026193e-09	0.0135833482491
1.42784471607e-09	0.0171200315526
1.47883917022e-09	0.0101366791059
1.52983362436e-09	-0.000789617070041
1.58082807851e-09	-0.0109426145791
1.63182253266e-09	-0.0193891539238
