% time-domain voltage integration by openEMS v0.37.0-rc2-21-gd59e7e7 @Sun Sep 20 14:03:13 2026
% start-coordinates: (0.0211,-0.018,3.5e-05) m -> [92,51,43]
% stop-coordinates: (0.0211,-0.018,-0.0016) m -> [92,51,29]
% t/s	voltage
0	0
5.09944541455e-11	0
1.01988908291e-10	5.46174533138e-32
1.52983362436e-10	2.41047367952e-12
2.03977816582e-10	1.29590972264e-06
2.54972270727e-10	-0.00012842541355
3.05966724873e-10	-0.000627553188679
3.56961179018e-10	-0.0105242372083
4.07955633164e-10	-0.0341914390447
4.58950087309e-10	-0.0500062474748
5.09944541455e-10	-0.0349080215674
5.609389956e-10	0.00160811547175
6.11933449746e-10	0.0394056683872
6.62927903891e-10	0.0565436480101
7.13922358037e-10	0.0403096396476
7.64916812182e-10	-0.00205167455715
8.15911266328e-10	-0.0419919856358
8.66905720473e-10	-0.0550061097601
9.17900174619e-10	-0.0361549970694
9.68894628764e-10	0.00132744981602
1.01988908291e-09	0.0343712068861
1.07088353706e-09	0.0388556731632
1.1218779912e-09	0.00581220035383
1.17287244535e-09	-0.0399176639039
1.22386689949e-09	-0.0650740594137
1.27486135364e-09	-0.0515274854843
1.32585580778e-09	-0.00251677219057
1.37685026193e-09	0.0532051109476
1.42784471607e-09	0.078211161308
1.47883917022e-09	0.0526596526615
1.52983362436e-09	-0.00421708481736
1.58082807851e-09	-0.0531771173701
1.63182253266e-09	-0.0687473008875
