% time-domain voltage integration by openEMS v0.37.0-rc2-21-gd59e7e7 @Sun Sep 20 14:03:13 2026
% start-coordinates: (0,-0.008879,3.5e-05) m -> [64,71,43]
% stop-coordinates: (0,-0.008879,-0.0016) m -> [64,71,29]
% t/s	voltage
0	0
5.09944541455e-11	0
1.01988908291e-10	1.08380278363e-08
1.52983362436e-10	-3.18459435107e-05
2.03977816582e-10	-0.000194463385924
2.54972270727e-10	-0.00207383274028
3.05966724873e-10	-0.0124089170422
3.56961179018e-10	-0.0205078769941
4.07955633164e-10	-0.0187485160423
4.58950087309e-10	-0.0180879213149
5.09944541455e-10	-0.0124020269141
5.609389956e-10	-0.000152665888891
6.11933449746e-10	0.0111036105372
6.62927903891e-10	0.0168358187948
7.13922358037e-10	0.0109194423421
7.64916812182e-10	-0.00469899603922
8.15911266328e-10	-0.0110841551505
8.66905720473e-10	-0.0111550006841
9.17900174619e-10	-0.0101770630281
9.68894628764e-10	-0.00236355839297
1.01988908291e-09	0.00154069814016
1.07088353706e-09	-0.00222189851047
1.1218779912e-09	-0.00467509523151
1.17287244535e-09	-0.0146327346447
1.22386689949e-09	-0.0240292758099
1.27486135364e-09	-0.0140903108695
1.32585580778e-09	0.00200191344993
1.37685026193e-09	0.0141094318242
1.42784471607e-09	0.018260980316
1.47883917022e-09	0.0111196185171
1.52983362436e-09	-0.000752839117922
1.58082807851e-09	-0.0118393008015
1.63182253266e-09	-0.0204637518618
