% time-domain voltage integration by openEMS v0.37.0-rc2-21-gd59e7e7 @Sun Sep 20 14:03:13 2026
% start-coordinates: (0.0225,-0.018,3.5e-05) m -> [94,51,43]
% stop-coordinates: (0.0225,-0.018,-0.0016) m -> [94,51,29]
% t/s	voltage
0	0
5.09944541455e-11	0
1.01988908291e-10	4.26970291586e-35
1.52983362436e-10	5.4375541888e-14
2.03977816582e-10	3.07643033493e-07
2.54972270727e-10	-0.000111784764158
3.05966724873e-10	-0.000451175203125
3.56961179018e-10	-0.0072939604288
4.07955633164e-10	-0.0363192213699
4.58950087309e-10	-0.0523332828889
5.09944541455e-10	-0.0371191409649
5.609389956e-10	0.00139007811958
6.11933449746e-10	0.0412003453821
6.62927903891e-10	0.0594717169879
7.13922358037e-10	0.0430186492158
7.64916812182e-10	-0.00216243098112
8.15911266328e-10	-0.0445472291904
8.66905720473e-10	-0.0579306513537
9.17900174619e-10	-0.0377970191184
9.68894628764e-10	0.00162614538567
1.01988908291e-09	0.036666701315
1.07088353706e-09	0.0428087587934
1.1218779912e-09	0.00683014036622
1.17287244535e-09	-0.0417599064531
1.22386689949e-09	-0.0685011448804
1.27486135364e-09	-0.0548924440518
1.32585580778e-09	-0.00327145891788
1.37685026193e-09	0.055817051325
1.42784471607e-09	0.0830508565996
1.47883917022e-09	0.0557550106896
1.52983362436e-09	-0.00545492944366
1.58082807851e-09	-0.055946333101
1.63182253266e-09	-0.0718553815968
