% time-domain current integration by openEMS v0.37.0-rc2-21-gd59e7e7 @Sun Sep 20 14:03:13 2026
% start-coordinates: (0.0211,-0.0205263,0) m -> [92,44,42]
% stop-coordinates: (0.0211,-0.016,3.5e-05) m -> [92,56,43]
% t/s	current
2.07632142286e-14	0
5.10152173597e-11	0
1.02009671505e-10	-1.22547847711e-29
1.53004125651e-10	-1.75789018758e-11
2.03998579796e-10	-6.85683062329e-07
2.54993033942e-10	-3.62885003824e-07
3.05987488087e-10	-9.5263339972e-06
3.56981942233e-10	-6.78322612657e-05
4.07976396378e-10	-0.000117782285088
4.58970850524e-10	-1.45156377584e-06
5.09965304669e-10	0.000111915105663
5.60959758815e-10	0.000167078716913
6.1195421296e-10	0.000124697035062
6.62948667105e-10	9.1695392257e-06
7.13943121251e-10	-0.000130280997837
7.64937575396e-10	-0.000192359526409
8.15932029542e-10	-0.000115087292215
8.66926483687e-10	1.17147583296e-05
9.17920937833e-10	0.00012741786486
9.68915391978e-10	0.000157885617227
1.01990984612e-09	9.36408687267e-05
1.07090430027e-09	-5.60434600629e-05
1.12189875441e-09	-0.000194695399841
1.17289320856e-09	-0.000155508663738
1.22388766271e-09	-3.96839604946e-05
1.27488211685e-09	0.000139365874929
1.325876571e-09	0.000234892882872
1.37687102514e-09	0.000192204824998
1.42786547929e-09	4.07415700465e-06
1.47885993343e-09	-0.000194218155229
1.52985438758e-09	-0.000239383312874
1.58084884172e-09	-0.000137572307722
1.63184329587e-09	1.05707713374e-05
