% time-domain voltage integration by openEMS v0.37.0-rc2-21-gd59e7e7 @Sun Sep 20 14:03:13 2026
% start-coordinates: (-0.023,-0.018,3.5e-05) m -> [19,51,43]
% stop-coordinates: (-0.023,-0.018,-0.0016) m -> [19,51,29]
% t/s	voltage
0	0
5.09944541455e-11	-0.018462568114
1.01988908291e-10	-0.0337979241158
1.52983362436e-10	-0.0291569703259
2.03977816582e-10	-0.00698939296126
2.54972270727e-10	0.0197462693322
3.05966724873e-10	0.037000269047
3.56961179018e-10	0.0358552861726
4.07955633164e-10	0.0162544773484
4.58950087309e-10	-0.0121308025846
5.09944541455e-10	-0.0325459908927
5.609389956e-10	-0.0314973404747
6.11933449746e-10	-0.0115423910029
6.62927903891e-10	0.0116910038923
7.13922358037e-10	0.0170477551292
7.64916812182e-10	-0.0135424517212
8.15911266328e-10	-0.0436435649171
8.66905720473e-10	-0.0488549055299
9.17900174619e-10	-0.0269901856664
9.68894628764e-10	0.0126231425093
1.01988908291e-09	0.051571900025
1.07088353706e-09	0.065067417454
1.1218779912e-09	0.037157818093
1.17287244535e-09	-0.0144038364233
1.22386689949e-09	-0.0511509100907
1.27486135364e-09	-0.0542235074099
1.32585580778e-09	-0.0283704340109
1.37685026193e-09	0.00664934009546
1.42784471607e-09	0.0274647451006
1.47883917022e-09	0.0157121352095
1.52983362436e-09	-0.0118157288816
1.58082807851e-09	-0.0357918441296
1.63182253266e-09	-0.0430845872033
