% time-domain current integration by openEMS v0.37.0-rc2-21-gd59e7e7 @Sun Sep 20 14:03:13 2026
% start-coordinates: (0.022,-0.0205263,0) m -> [93,44,42]
% stop-coordinates: (0.022,-0.016,3.5e-05) m -> [93,56,43]
% t/s	current
2.07632142286e-14	0
5.10152173597e-11	0
1.02009671505e-10	-1.46054890971e-30
1.53004125651e-10	-6.42326729999e-12
2.03998579796e-10	-5.95768369749e-07
2.54993033942e-10	-3.182350099e-07
3.05987488087e-10	-8.10141500551e-06
3.56981942233e-10	-5.43247660971e-05
4.07976396378e-10	-9.7574920801e-05
4.58970850524e-10	-1.06691470592e-06
5.09965304669e-10	9.19019148569e-05
5.60959758815e-10	0.000137148672366
6.1195421296e-10	0.000102213554783
6.62948667105e-10	7.46027762943e-06
7.13943121251e-10	-0.000107246596599
7.64937575396e-10	-0.000158344002557
8.15932029542e-10	-9.37978111324e-05
8.66926483687e-10	9.43078248383e-06
9.17920937833e-10	0.000104672653833
9.68915391978e-10	0.000129570675199
1.01990984612e-09	7.70614205976e-05
1.07090430027e-09	-4.54633336631e-05
1.12189875441e-09	-0.000160971714649
1.17289320856e-09	-0.000126784318127
1.22388766271e-09	-3.32373892888e-05
1.27488211685e-09	0.000114844653581
1.325876571e-09	0.000192799649085
1.37687102514e-09	0.000158101218403
1.42786547929e-09	3.23940048474e-06
1.47885993343e-09	-0.000159944916959
1.52985438758e-09	-0.000196737673832
1.58084884172e-09	-0.000112702706247
1.63184329587e-09	8.98843518371e-06
