% time-domain voltage integration by openEMS v0.37.0-rc2-21-gd59e7e7 @Sun Sep 20 14:03:13 2026
% start-coordinates: (0.022,-0.018,3.5e-05) m -> [93,51,43]
% stop-coordinates: (0.022,-0.018,-0.0016) m -> [93,51,29]
% t/s	voltage
0	0
5.09944541455e-11	0
1.01988908291e-10	1.46538359573e-33
1.52983362436e-10	2.73647501033e-13
2.03977816582e-10	9.89508437854e-07
2.54972270727e-10	-0.000117679596087
3.05966724873e-10	-0.000493900773108
3.56961179018e-10	-0.00830762684927
4.07955633164e-10	-0.0356417391449
4.58950087309e-10	-0.0516462220112
5.09944541455e-10	-0.0364225050434
5.609389956e-10	0.00144643728345
6.11933449746e-10	0.0406747092493
6.62927903891e-10	0.0585750316968
7.13922358037e-10	0.0421855796594
7.64916812182e-10	-0.00215114583625
8.15911266328e-10	-0.0437688761158
8.66905720473e-10	-0.0570438591531
9.17900174619e-10	-0.0373009740142
9.68894628764e-10	0.00154711097639
1.01988908291e-09	0.0359740675194
1.07088353706e-09	0.0416017881362
1.1218779912e-09	0.00651500730601
1.17287244535e-09	-0.0411975238239
1.22386689949e-09	-0.0674391282955
1.27486135364e-09	-0.0538624008186
1.32585580778e-09	-0.00304360329028
1.37685026193e-09	0.0550236586714
1.42784471607e-09	0.0815740176477
1.47883917022e-09	0.0548066511983
1.52983362436e-09	-0.00507259753067
1.58082807851e-09	-0.0551095241681
1.63182253266e-09	-0.0709033566527
