% time-domain voltage integration by openEMS v0.37.0-rc2-21-gd59e7e7 @Sun Sep 20 14:03:13 2026
% start-coordinates: (-0.0225,-0.018,3.5e-05) m -> [20,51,43]
% stop-coordinates: (-0.0225,-0.018,-0.0016) m -> [20,51,29]
% t/s	voltage
0	0
5.09944541455e-11	-0.0171921827132
1.01988908291e-10	-0.0333668615785
1.52983362436e-10	-0.0301412746776
2.03977816582e-10	-0.00881824031239
2.54972270727e-10	0.0181201640517
3.05966724873e-10	0.0365242646076
3.56961179018e-10	0.036879086867
4.07955633164e-10	0.0180574975675
4.58950087309e-10	-0.0105794837291
5.09944541455e-10	-0.0321268402622
5.609389956e-10	-0.0324718073825
6.11933449746e-10	-0.0134484329028
6.62927903891e-10	0.00996707842569
7.13922358037e-10	0.0161115643859
7.64916812182e-10	-0.0120810851222
8.15911266328e-10	-0.0412807844114
8.66905720473e-10	-0.0468488780316
9.17900174619e-10	-0.0266007630271
9.68894628764e-10	0.0112608956988
1.01988908291e-09	0.0491139105288
1.07088353706e-09	0.0627528474433
1.1218779912e-09	0.036561273504
1.17287244535e-09	-0.0126563996018
1.22386689949e-09	-0.0485227789031
1.27486135364e-09	-0.0522505072877
1.32585580778e-09	-0.0281795806368
1.37685026193e-09	0.00502391322516
1.42784471607e-09	0.0248109638342
1.47883917022e-09	0.0139850508422
1.52983362436e-09	-0.0117157994828
1.58082807851e-09	-0.0341886293027
1.63182253266e-09	-0.0403864376713
