% time-domain current integration by openEMS v0.37.0-rc2-21-gd59e7e7 @Mon Sep 21 13:57:22 2026
% start-coordinates: (-0.0239,-0.0209246,-0.000466667) m -> [14,38,12]
% stop-coordinates: (-0.0217,-0.0209246,0) m -> [19,38,13]
% t/s	current
2.43111826168e-14	0
4.54376003108e-11	-3.75423745425e-08
9.08508894391e-11	-6.19045579242e-08
1.36264178567e-10	-5.16311189358e-08
1.81677467696e-10	-8.64695870462e-09
2.27090756824e-10	5.61934250243e-08
2.72504045952e-10	1.11934511438e-07
3.1791733508e-10	1.22420615867e-07
3.63330624208e-10	6.37159160988e-08
4.08743913337e-10	-5.45343219471e-08
4.54157202465e-10	-1.85221963989e-07
4.99570491593e-10	-2.57667579717e-07
5.44983780721e-10	-2.08780505773e-07
5.9039706985e-10	-2.50517295797e-08
6.35810358978e-10	2.34725860082e-07
6.81223648106e-10	4.46866607717e-07
7.26636937234e-10	4.77528715237e-07
7.72050226362e-10	2.49495940352e-07
8.17463515491e-10	-1.95902146061e-07
8.62876804619e-10	-6.78308197166e-07
9.08290093747e-10	-9.34371655603e-07
9.53703382875e-10	-7.46594764678e-07
9.99116672004e-10	-8.12845755149e-08
1.04452996113e-09	8.36065737531e-07
1.08994325026e-09	1.56775092819e-06
1.13535653939e-09	1.64862422025e-06
1.18076982852e-09	8.39741971959e-07
1.22618311764e-09	-6.71632619742e-07
1.27159640677e-09	-2.24993459597e-06
1.3170096959e-09	-3.03811725644e-06
