% time-domain current integration by openEMS v0.37.0-rc2-21-gd59e7e7 @Mon Sep 21 13:57:22 2026
% start-coordinates: (0.0212,-0.0209246,-0.000466667) m -> [90,38,12]
% stop-coordinates: (0.0233,-0.0209246,0) m -> [95,38,13]
% t/s	current
2.43111826168e-14	0
4.54376003108e-11	0
9.08508894391e-11	1.03054340774e-32
1.36264178567e-10	1.61616546549e-16
1.81677467696e-10	2.44692235224e-11
2.27090756824e-10	-2.11553517759e-11
2.72504045952e-10	2.3435609009e-10
3.1791733508e-10	2.31527796934e-09
3.63330624208e-10	1.17978258274e-08
4.08743913337e-10	2.84008798701e-08
4.54157202465e-10	3.76540825187e-08
4.99570491593e-10	2.47456881652e-08
5.44983780721e-10	-9.30907706476e-09
5.9039706985e-10	-5.16193310318e-08
6.35810358978e-10	-8.1967158394e-08
6.81223648106e-10	-7.80344038276e-08
7.26636937234e-10	-2.93399615714e-08
7.72050226362e-10	5.28645678344e-08
8.17463515491e-10	1.3493088602e-07
8.62876804619e-10	1.70242827835e-07
9.08290093747e-10	1.20746605603e-07
9.53703382875e-10	-1.67350187041e-08
9.99116672004e-10	-1.94307716583e-07
1.04452996113e-09	-3.23305613392e-07
1.08994325026e-09	-3.11605020897e-07
1.13535653939e-09	-1.18785983716e-07
1.18076982852e-09	2.05798244224e-07
1.22618311764e-09	5.22495781752e-07
1.27159640677e-09	6.4836092406e-07
1.3170096959e-09	4.49877745723e-07
