% time-domain voltage integration by openEMS v0.37.0-rc2-21-gd59e7e7 @Mon Sep 21 13:57:22 2026
% start-coordinates: (-0.0225,-0.0218,0) m -> [17,36,13]
% stop-coordinates: (-0.0225,-0.02,0) m -> [17,41,13]
% t/s	voltage
0	-0
4.54132891282e-11	-2.10085588037e-06
9.08265782565e-11	-2.28297909644e-06
1.36239867385e-10	-1.60093594559e-06
1.81653156513e-10	3.48532356753e-07
2.27066445641e-10	2.88113980673e-06
2.72479734769e-10	4.74094400715e-06
3.17893023898e-10	4.61279853425e-06
3.63306313026e-10	1.84912056511e-06
4.08719602154e-10	-2.98595665527e-06
4.54132891282e-10	-7.84084795669e-06
4.9954618041e-10	-9.87379667095e-06
5.44959469539e-10	-6.89502815021e-06
5.90372758667e-10	1.20620032362e-06
6.35786047795e-10	1.15800390859e-05
6.81199336923e-10	1.90924301933e-05
7.26612626052e-10	1.82672220035e-05
7.7202591518e-10	6.65909794861e-06
8.17439204308e-10	-1.25806996039e-05
8.62852493436e-10	-3.09372112497e-05
9.08265782565e-10	-3.77952496819e-05
9.53679071693e-10	-2.55935760833e-05
9.99092360821e-10	4.83681645846e-06
1.04450564995e-09	4.20348014813e-05
1.08991893908e-09	6.71954921927e-05
1.13533222821e-09	6.2516406615e-05
1.18074551733e-09	2.16350761093e-05
1.22615880646e-09	-4.32735851064e-05
1.27157209559e-09	-0.00010306763761
1.31698538472e-09	-0.00012314540254
