% time-domain voltage integration by openEMS v0.37.0-rc2-21-gd59e7e7 @Mon Sep 21 13:57:22 2026
% start-coordinates: (0.0225,-0.0218,0) m -> [93,36,13]
% stop-coordinates: (0.0225,-0.02,0) m -> [93,41,13]
% t/s	voltage
0	-0
4.54132891282e-11	-0
9.08265782565e-11	-3.67471046565e-32
1.36239867385e-10	-2.99798380777e-15
1.81653156513e-10	-1.03461493539e-09
2.27066445641e-10	8.99057821246e-10
2.72479734769e-10	-9.83572012725e-09
3.17893023898e-10	-1.03444842026e-07
3.63306313026e-10	-5.50859944326e-07
4.08719602154e-10	-1.37339220885e-06
4.54132891282e-10	-1.88819961977e-06
4.9954618041e-10	-1.30308784208e-06
5.44959469539e-10	3.56461441697e-07
5.90372758667e-10	2.47725142799e-06
6.35786047795e-10	4.059226967e-06
6.81199336923e-10	3.97388475903e-06
7.26612626052e-10	1.6510719405e-06
7.7202591518e-10	-2.41122197053e-06
8.17439204308e-10	-6.57645091451e-06
8.62852493436e-10	-8.52618711633e-06
9.08265782565e-10	-6.29788183915e-06
9.53679071693e-10	3.89885524754e-07
9.99092360821e-10	9.27535506889e-06
1.04450564995e-09	1.59899327627e-05
1.08991893908e-09	1.58626378379e-05
1.13533222821e-09	6.66856891485e-06
1.18074551733e-09	-9.37905895171e-06
1.22615880646e-09	-2.54848237091e-05
1.27157209559e-09	-3.25064147546e-05
1.31698538472e-09	-2.34919998547e-05
