% time-domain current integration by openEMS v0.37.0-rc2-21-gd59e7e7 @Sun Sep 20 14:40:41 2026
% start-coordinates: (-0.00209378,-0.00353493,-0.000359633) m -> [72,86,5]
% stop-coordinates: (0.00145,-0.00353493,0) m -> [79,86,6]
% t/s	current
3.85214168195e-14	-0
4.46463220938e-11	-0
8.92541227708e-11	-6.89764513852e-24
1.33861923448e-10	-8.35620322936e-11
1.78469724125e-10	3.171344784e-11
2.23077524802e-10	2.1954421614e-10
2.67685325479e-10	-1.49976009389e-09
3.12293126156e-10	-7.13856485035e-09
3.56900926833e-10	-3.28480496137e-08
4.0150872751e-10	-3.56371963051e-08
4.46116528187e-10	6.851699208e-09
4.90724328863e-10	5.17094882468e-08
5.3533212954e-10	8.57767901152e-08
5.79939930217e-10	8.33836537595e-08
6.24547730894e-10	3.44212693904e-08
6.69155531571e-10	-5.44360112542e-08
7.13763332248e-10	-1.52284286514e-07
7.58371132925e-10	-2.00751173907e-07
8.02978933602e-10	-1.5602981307e-07
8.47586734279e-10	-2.54791654442e-09
8.92194534956e-10	2.14355580397e-07
9.36802335633e-10	3.96902976263e-07
9.8141013631e-10	4.2570704295e-07
1.02601793699e-09	2.23718487291e-07
1.07062573766e-09	-1.82712327046e-07
1.11523353834e-09	-6.39270353986e-07
1.15984133902e-09	-9.06581249183e-07
1.2044491397e-09	-7.64038531997e-07
1.24905694037e-09	-1.44444925354e-07
1.29366474105e-09	7.74593786446e-07
1.33827254173e-09	1.58472425937e-06
1.3828803424e-09	1.79807284439e-06
1.42748814308e-09	1.09452821562e-06
1.47209594376e-09	-4.41476800006e-07
1.51670374443e-09	-2.23589131565e-06
1.56131154511e-09	-3.3867181628e-06
1.60591934579e-09	-3.06187121168e-06
1.65052714646e-09	-9.82070559985e-07
1.69513494714e-09	2.25599023906e-06
1.73974274782e-09	5.24415781911e-06
1.7843505485e-09	6.29696160104e-06
1.82895834917e-09	4.29270994573e-06
1.87356614985e-09	-5.55180690753e-07
1.91817395053e-09	-6.44149122309e-06
1.9627817512e-09	-1.05116005216e-05
2.00738955188e-09	-1.01227551568e-05
2.05199735256e-09	-4.32238584835e-06
2.09660515323e-09	5.2066934586e-06
2.14121295391e-09	1.43818297147e-05
2.18582075459e-09	1.83065767487e-05
2.23042855527e-09	1.36782464324e-05
2.27503635594e-09	9.13524615953e-07
2.31964415662e-09	-1.52118509504e-05
2.3642519573e-09	-2.70967466349e-05
2.40885975797e-09	-2.76841656159e-05
2.45346755865e-09	-1.42742001117e-05
2.49807535933e-09	9.15080181585e-06
2.54268316e-09	3.26295230479e-05
2.58729096068e-09	4.41977463197e-05
2.63189876136e-09	3.56906130037e-05
2.67650656204e-09	7.67627534515e-06
2.72111436271e-09	-2.92226195597e-05
2.76572216339e-09	-5.79740335525e-05
2.81032996407e-09	-6.27309709671e-05
2.85493776474e-09	-3.71168680431e-05
2.89954556542e-09	1.09694910861e-05
2.9441533661e-09	6.10808347119e-05
2.98876116677e-09	8.86223642738e-05
3.03336896745e-09	7.6638374594e-05
3.07797676813e-09	2.5451714464e-05
3.1225845688e-09	-4.50754632766e-05
3.16719236948e-09	-0.000102834063
3.21180017016e-09	-0.000117893869174
3.25640797084e-09	-7.7673328633e-05
3.30101577151e-09	4.71422436021e-06
3.34562357219e-09	9.39659948926e-05
3.39023137287e-09	0.000147546088556
3.43483917354e-09	0.000135861890158
3.47944697422e-09	5.81233107368e-05
3.5240547749e-09	-5.44637696294e-05
3.56866257557e-09	-0.000150978114107
3.61327037625e-09	-0.000183867799933
3.65787817693e-09	-0.000132354602101
3.70248597761e-09	-1.46251804836e-05
3.74709377828e-09	0.000118068528536
3.79170157896e-09	0.000203837626032
3.83630937964e-09	0.000199258487555
3.88091718031e-09	0.00010135085904
3.92552498099e-09	-4.87181532662e-05
3.97013278167e-09	-0.000183024807484
4.01474058234e-09	-0.000238012959016
4.05934838302e-09	-0.000184915697901
4.1039561837e-09	-4.47478923888e-05
4.14856398438e-09	0.000119950898807
4.19317178505e-09	0.00023342842178
4.23777958573e-09	0.000242092064582
4.28238738641e-09	0.000140174699482
4.32699518708e-09	-2.6763886126e-05
4.37160298776e-09	-0.000182535964996
4.41621078844e-09	-0.000255670194747
4.46081858911e-09	-0.00021274149185
4.50542638979e-09	-7.38962626201e-05
4.55003419047e-09	9.6754374681e-05
4.59464199114e-09	0.000221218157094
4.63924979182e-09	0.00024384475546
4.6838575925e-09	0.000156598180183
4.72846539318e-09	1.72586146618e-06
4.77307319385e-09	-0.000148933526361
4.81768099453e-09	-0.000227754208026
4.86228879521e-09	-0.000202104944037
4.90689659588e-09	-8.7908556452e-05
4.95150439656e-09	5.96591817157e-05
4.99611219724e-09	0.000173063541297
5.04071999791e-09	0.000203670133487
5.08532779859e-09	0.000142737320857
5.12993559927e-09	2.30384412134e-05
5.17454339995e-09	-9.85067308648e-05
5.21915120062e-09	-0.000168056169059
5.2637590013e-09	-0.000158819253556
5.30836680198e-09	-8.10625351733e-05
5.35297460265e-09	2.53826947301e-05
