% time-domain current integration by openEMS v0.37.0-rc2-21-gd59e7e7 @Sun Sep 20 14:40:41 2026
% start-coordinates: (-0.00209378,-0.0042268,-0.000359633) m -> [72,85,5]
% stop-coordinates: (0.00145,-0.0042268,0) m -> [79,85,6]
% t/s	current
3.85214168195e-14	-0
4.46463220938e-11	-0
8.92541227708e-11	-3.29593880147e-23
1.33861923448e-10	-1.00348021559e-10
1.78469724125e-10	2.25331819176e-11
2.23077524802e-10	2.1394126748e-10
2.67685325479e-10	-1.71882663658e-09
3.12293126156e-10	-8.3344344759e-09
3.56900926833e-10	-3.43046053786e-08
4.0150872751e-10	-3.27891243046e-08
4.46116528187e-10	1.04280335478e-08
4.90724328863e-10	5.60477957379e-08
5.3533212954e-10	8.82988757667e-08
5.79939930217e-10	8.08108850947e-08
6.24547730894e-10	2.66608335409e-08
6.69155531571e-10	-6.40401438545e-08
7.13763332248e-10	-1.60643537583e-07
7.58371132925e-10	-2.01634307473e-07
8.02978933602e-10	-1.46457054484e-07
8.47586734279e-10	1.71847016617e-08
8.92194534956e-10	2.36589528413e-07
9.36802335633e-10	4.09868817997e-07
9.8141013631e-10	4.19033938215e-07
1.02601793699e-09	1.92919543451e-07
1.07062573766e-09	-2.2893949847e-07
1.11523353834e-09	-6.80308801293e-07
1.15984133902e-09	-9.17559816571e-07
1.2044491397e-09	-7.27763961095e-07
1.24905694037e-09	-6.42663806616e-08
1.29366474105e-09	8.69084658461e-07
1.33827254173e-09	1.64634218436e-06
1.3828803424e-09	1.78096195214e-06
1.42748814308e-09	9.82101482805e-07
1.47209594376e-09	-6.18493231741e-07
1.51670374443e-09	-2.40104918703e-06
1.56131154511e-09	-3.44590057466e-06
1.60591934579e-09	-2.94974506687e-06
1.65052714646e-09	-7.07137758127e-07
1.69513494714e-09	2.59361104327e-06
1.73974274782e-09	5.48088564756e-06
1.7843505485e-09	6.27601275482e-06
1.82895834917e-09	3.95223241867e-06
1.87356614985e-09	-1.12203156277e-06
1.91817395053e-09	-6.99413476468e-06
1.9627817512e-09	-1.07525156636e-05
2.00738955188e-09	-9.84295729722e-06
2.05199735256e-09	-3.53586187885e-06
2.09660515323e-09	6.21337312623e-06
2.14121295391e-09	1.51346503117e-05
2.18582075459e-09	1.83509619092e-05
2.23042855527e-09	1.28241035782e-05
2.27503635594e-09	-6.01726185323e-07
2.31964415662e-09	-1.67515627254e-05
2.3642519573e-09	-2.78711486317e-05
2.40885975797e-09	-2.71304270427e-05
2.45346755865e-09	-1.2398837498e-05
2.49807535933e-09	1.16571691251e-05
2.54268316e-09	3.46131637343e-05
2.58729096068e-09	4.45483601652e-05
2.63189876136e-09	3.39222096954e-05
2.67650656204e-09	4.2947071961e-06
2.72111436271e-09	-3.27997222485e-05
2.76572216339e-09	-5.99817904003e-05
2.81032996407e-09	-6.18984049652e-05
2.85493776474e-09	-3.33963034791e-05
2.89954556542e-09	1.61804218806e-05
2.9441533661e-09	6.54201285215e-05
2.98876116677e-09	8.98092839634e-05
3.03336896745e-09	7.363363693e-05
3.07797676813e-09	1.91550789168e-05
3.1225845688e-09	-5.20084431628e-05
3.16719236948e-09	-0.000107086336357
3.21180017016e-09	-0.000117053205031
3.25640797084e-09	-7.1542126534e-05
3.30101577151e-09	1.37601527967e-05
3.34562357219e-09	0.000101858728158
3.39023137287e-09	0.000150346240844
3.43483917354e-09	0.000131707551191
3.47944697422e-09	4.8348952987e-05
3.5240547749e-09	-6.56772244838e-05
3.56866257557e-09	-0.000158386028488
3.61327037625e-09	-0.000183622178156
3.65787817693e-09	-0.000123983059893
3.70248597761e-09	-1.51792050929e-06
3.74709377828e-09	0.000130020242068
3.79170157896e-09	0.000208909899811
3.83630937964e-09	0.00019465573132
3.88091718031e-09	8.87148198672e-05
3.92552498099e-09	-6.38548881398e-05
3.97013278167e-09	-0.000193688087165
4.01474058234e-09	-0.000239040062297
4.05934838302e-09	-0.000175479552126
4.1039561837e-09	-2.8903114071e-05
4.14856398438e-09	0.000135030073579
4.19317178505e-09	0.000240746696363
4.23777958573e-09	0.000238126449403
4.28238738641e-09	0.000126592203742
4.32699518708e-09	-4.38155075244e-05
4.37160298776e-09	-0.000195256259758
4.41621078844e-09	-0.000258233805653
4.46081858911e-09	-0.000204009294976
4.50542638979e-09	-5.7928962633e-05
4.55003419047e-09	0.000112614528916
4.59464199114e-09	0.000229778655921
4.63924979182e-09	0.000241377216298
4.6838575925e-09	0.00014448435104
4.72846539318e-09	-1.42997932926e-05
4.77307319385e-09	-0.000161535208463
4.81768099453e-09	-0.000231401107158
4.86228879521e-09	-0.000195529282792
4.90689659588e-09	-7.45094221202e-05
4.95150439656e-09	7.35686917324e-05
4.99611219724e-09	0.000181262963451
5.04071999791e-09	0.000202841998544
5.08532779859e-09	0.000133801455377
5.12993559927e-09	1.04797072709e-05
5.17454339995e-09	-0.000108888860268
5.21915120062e-09	-0.000171842577402
5.2637590013e-09	-0.000154852197738
5.30836680198e-09	-7.17141228961e-05
5.35297460265e-09	3.55550037057e-05
