% time-domain current integration by openEMS v0.37.0-rc2-21-gd59e7e7 @Sun Sep 20 14:40:41 2026
% start-coordinates: (-0.0258486,-0.019724,-0.000359633) m -> [22,46,5]
% stop-coordinates: (-0.0258486,-0.0164315,0) m -> [22,59,6]
% t/s	current
3.85214168195e-14	0
4.46463220938e-11	7.15456991429e-08
8.92541227708e-11	7.05782809973e-08
1.33861923448e-10	2.8982103828e-08
1.78469724125e-10	-6.19859434892e-08
2.23077524802e-10	-1.51049690089e-07
2.67685325479e-10	-1.93861353637e-07
3.12293126156e-10	-1.4306802143e-07
3.56900926833e-10	2.01583603143e-08
4.0150872751e-10	2.36199127812e-07
4.46116528187e-10	4.07146927728e-07
4.90724328863e-10	4.09833148751e-07
5.3533212954e-10	1.79651763688e-07
5.79939930217e-10	-2.46439157081e-07
6.24547730894e-10	-7.06155390162e-07
6.69155531571e-10	-9.49610466705e-07
7.13763332248e-10	-7.45472050312e-07
7.58371132925e-10	-4.07646432166e-08
8.02978933602e-10	9.56974304245e-07
8.47586734279e-10	1.78899210823e-06
8.92194534956e-10	1.92065817828e-06
9.36802335633e-10	1.03095885606e-06
9.8141013631e-10	-7.55491896598e-07
1.02601793699e-09	-2.75001139016e-06
1.07062573766e-09	-3.91163939639e-06
1.11523353834e-09	-3.31021146849e-06
1.15984133902e-09	-6.87319925419e-07
1.2044491397e-09	3.17569674735e-06
1.24905694037e-09	6.55416215523e-06
1.29366474105e-09	7.43884311305e-06
1.33827254173e-09	4.56413317806e-06
1.3828803424e-09	-1.65969674981e-06
1.42748814308e-09	-8.86123507371e-06
1.47209594376e-09	-1.3431293155e-05
1.51670374443e-09	-1.21353896247e-05
1.56131154511e-09	-3.99598911827e-06
1.60591934579e-09	8.53840629134e-06
1.65052714646e-09	1.99734422495e-05
1.69513494714e-09	2.39197943301e-05
1.73974274782e-09	1.63038894243e-05
1.7843505485e-09	-1.83004306109e-06
1.82895834917e-09	-2.35716506722e-05
1.87356614985e-09	-3.8374291762e-05
1.91817395053e-09	-3.67897773685e-05
1.9627817512e-09	-1.57596623467e-05
2.00738955188e-09	1.82623098226e-05
2.05199735256e-09	5.0538310461e-05
2.09660515323e-09	6.39572535874e-05
2.14121295391e-09	4.75087726954e-05
2.18582075459e-09	3.35956383424e-06
2.23042855527e-09	-5.15238716616e-05
2.27503635594e-09	-9.11978204385e-05
2.31964415662e-09	-9.24342384678e-05
2.3642519573e-09	-4.72779101983e-05
2.40885975797e-09	2.99613639072e-05
2.45346755865e-09	0.000105990024167
2.49807535933e-09	0.000142235963722
2.54268316e-09	0.000113684203825
2.58729096068e-09	2.39394139498e-05
2.63189876136e-09	-9.19226804399e-05
2.67650656204e-09	-0.000180167087819
2.72111436271e-09	-0.000192738574697
2.76572216339e-09	-0.000112378322228
2.81032996407e-09	3.42422245012e-05
2.85493776474e-09	0.00018379453104
2.89954556542e-09	0.000263084017206
2.9441533661e-09	0.000224337200052
2.98876116677e-09	7.21837277524e-05
3.03336896745e-09	-0.000132344692247
3.07797676813e-09	-0.000295552948955
3.1225845688e-09	-0.000333783798851
3.16719236948e-09	-0.000215733336518
3.21180017016e-09	1.68475999089e-05
3.25640797084e-09	0.000262571993517
3.30101577151e-09	0.000404539867304
3.34562357219e-09	0.000366039661458
3.39023137287e-09	0.000151223735884
3.43483917354e-09	-0.00015058676945
3.47944697422e-09	-0.000401906145271
3.5240547749e-09	-0.000480202812469
3.56866257557e-09	-0.000337935838616
3.61327037625e-09	-2.9916423955e-05
3.65787817693e-09	0.000307314709062
3.70248597761e-09	0.000516675005201
3.74709377828e-09	0.000494594103657
3.79170157896e-09	0.000242601949139
3.83630937964e-09	-0.000129448686494
3.88091718031e-09	-0.000451878440799
3.92552498099e-09	-0.000573735800572
3.97013278167e-09	-0.000434502755525
4.01474058234e-09	-9.4402807008e-05
4.05934838302e-09	0.000292012060527
4.1039561837e-09	0.000547255913261
4.14856398438e-09	0.000553776451852
4.19317178505e-09	0.000308982940624
4.23777958573e-09	-7.37407972338e-05
4.28238738641e-09	-0.000418419076595
4.32699518708e-09	-0.000568731047679
4.37160298776e-09	-0.000460063427454
4.41621078844e-09	-0.000147630140418
4.46081858911e-09	0.000221719164983
4.50542638979e-09	0.000479514361359
4.55003419047e-09	0.000513649603818
4.59464199114e-09	0.000317719066516
4.63924979182e-09	-1.02532394521e-05
4.6838575925e-09	-0.000317101774272
4.72846539318e-09	-0.000466881756438
4.77307319385e-09	-0.000401723315008
4.81768099453e-09	-0.000163675227668
4.86228879521e-09	0.00013035396114
4.90689659588e-09	0.000346214859746
4.95150439656e-09	0.000394160306314
4.99611219724e-09	0.000265994342044
5.04071999791e-09	3.24933716911e-05
5.08532779859e-09	-0.000194682914298
5.12993559927e-09	-0.000316404853947
5.17454339995e-09	-0.000289212621283
5.21915120062e-09	-0.000139516618219
5.2637590013e-09	5.49188807781e-05
5.30836680198e-09	0.000204680211027
5.35297460265e-09	0.000249551754678
