% time-domain current integration by openEMS v0.37.0-rc2-21-gd59e7e7 @Sun Sep 20 14:40:41 2026
% start-coordinates: (0.0252701,-0.019724,-0.000359633) m -> [115,46,5]
% stop-coordinates: (0.0252701,-0.0164315,0) m -> [115,59,6]
% t/s	current
3.85214168195e-14	-0
4.46463220938e-11	-0
8.92541227708e-11	-0
1.33861923448e-10	-5.74716526659e-32
1.78469724125e-10	-4.98727599508e-16
2.23077524802e-10	-2.41217296137e-10
2.67685325479e-10	1.06216022089e-10
3.12293126156e-10	-7.86846920953e-10
3.56900926833e-10	-2.28992957929e-09
4.0150872751e-10	-3.29724549886e-08
4.46116528187e-10	-6.28043821393e-08
4.90724328863e-10	-1.06650741571e-08
5.3533212954e-10	5.20854861463e-08
5.79939930217e-10	1.18425546702e-07
6.24547730894e-10	1.44102600075e-07
6.69155531571e-10	9.36807396101e-08
7.13763332248e-10	-3.48837794206e-08
7.58371132925e-10	-1.99550683533e-07
8.02978933602e-10	-3.18454283388e-07
8.47586734279e-10	-3.04274010432e-07
8.92194534956e-10	-1.06992850135e-07
9.36802335633e-10	2.33716960452e-07
9.8141013631e-10	5.77706146032e-07
1.02601793699e-09	7.29085570583e-07
1.07062573766e-09	5.24633207988e-07
1.11523353834e-09	-5.70729454807e-08
1.15984133902e-09	-8.29335988328e-07
1.2044491397e-09	-1.42497401612e-06
1.24905694037e-09	-1.44034993355e-06
1.29366474105e-09	-6.55088058465e-07
1.33827254173e-09	7.78698677095e-07
1.3828803424e-09	2.28554381465e-06
1.42748814308e-09	3.04975787913e-06
1.47209594376e-09	2.39095516008e-06
1.51670374443e-09	1.94425453515e-07
1.56131154511e-09	-2.83484587271e-06
1.60591934579e-09	-5.29865201315e-06
1.65052714646e-09	-5.66175731365e-06
1.69513494714e-09	-3.06442302644e-06
1.73974274782e-09	1.99106420951e-06
1.7843505485e-09	7.50179560782e-06
1.82895834917e-09	1.06155493995e-05
1.87356614985e-09	8.94829736353e-06
1.91817395053e-09	2.02517753678e-06
1.9627817512e-09	-7.91731508798e-06
2.00738955188e-09	-1.63923214132e-05
2.05199735256e-09	-1.84811742656e-05
2.09660515323e-09	-1.13779396997e-05
2.14121295391e-09	3.54290978066e-06
2.18582075459e-09	2.03882009373e-05
2.23042855527e-09	3.07639675157e-05
2.27503635594e-09	2.76419450529e-05
2.31964415662e-09	9.43261602515e-06
2.3642519573e-09	-1.78844838956e-05
2.40885975797e-09	-4.21751174144e-05
2.45346755865e-09	-5.01627982885e-05
2.49807535933e-09	-3.41623017448e-05
2.54268316e-09	2.68021244665e-06
2.58729096068e-09	4.57516944152e-05
2.63189876136e-09	7.42351767258e-05
2.67650656204e-09	7.06921709934e-05
2.72111436271e-09	3.07668778987e-05
2.76572216339e-09	-3.20687649946e-05
2.81032996407e-09	-9.01537569007e-05
2.85493776474e-09	-0.000113300171506
2.89954556542e-09	-8.38274863781e-05
2.9441533661e-09	-7.73698593548e-06
2.98876116677e-09	8.44225432957e-05
3.03336896745e-09	0.000149141604197
3.07797676813e-09	0.000149992352817
3.1225845688e-09	7.7121098002e-05
3.16719236948e-09	-4.38949573436e-05
3.21180017016e-09	-0.000159901072038
3.25640797084e-09	-0.000213063787669
3.30101577151e-09	-0.000169189675944
3.34562357219e-09	-3.77955620934e-05
3.39023137287e-09	0.000127278923173
3.43483917354e-09	0.000249383709161
3.47944697422e-09	0.000264436006546
3.5240547749e-09	0.000153932749527
3.56866257557e-09	-4.12082772527e-05
3.61327037625e-09	-0.000234872670262
3.65787817693e-09	-0.000333694159053
3.70248597761e-09	-0.000282057590084
3.74709377828e-09	-9.24462365219e-05
3.79170157896e-09	0.000155139598064
3.83630937964e-09	0.000346871471265
3.88091718031e-09	0.000387791515095
3.92552498099e-09	0.000248952943366
3.97013278167e-09	-1.44948280649e-05
4.01474058234e-09	-0.000284925859887
4.05934838302e-09	-0.000435305031715
4.1039561837e-09	-0.000389520864701
4.14856398438e-09	-0.000161015836056
4.19317178505e-09	0.000149985600729
4.23777958573e-09	0.000400977791287
4.28238738641e-09	0.000473412685096
4.32699518708e-09	0.000329457456246
4.37160298776e-09	3.17315134453e-05
4.41621078844e-09	-0.000284299516352
4.46081858911e-09	-0.000472942338092
4.50542638979e-09	-0.000446518912213
4.55003419047e-09	-0.000216765125515
4.59464199114e-09	0.000110461121949
4.63924979182e-09	0.000384742859751
4.6838575925e-09	0.000481365743326
4.72846539318e-09	0.000358942343155
4.77307319385e-09	7.73534629843e-05
4.81768099453e-09	-0.000231855301536
4.86228879521e-09	-0.000427825725637
4.90689659588e-09	-0.000425509177148
4.95150439656e-09	-0.000233015147387
4.99611219724e-09	5.53964309802e-05
5.04071999791e-09	0.000305860885419
5.08532779859e-09	0.000407799496315
5.12993559927e-09	0.000323254818795
5.17454339995e-09	0.000100440011011
5.21915120062e-09	-0.000152938664542
5.2637590013e-09	-0.000322065607179
5.30836680198e-09	-0.000337452453095
5.35297460265e-09	-0.000203297575354
