% time-domain voltage integration by openEMS v0.37.0-rc2-21-gd59e7e7 @Sun Sep 20 14:40:41 2026
% start-coordinates: (0,-0.0042268,0) m -> [76,85,6]
% stop-coordinates: (0,-0.0042268,-0.0016) m -> [76,85,0]
% t/s	voltage
0	0
4.4607800677e-11	0
8.92156013539e-11	2.05069584667e-25
1.33823402031e-10	-9.15889317513e-11
1.78431202708e-10	7.02027228017e-10
2.23039003385e-10	6.02053012999e-09
2.67646804062e-10	7.03101132871e-08
3.12254604739e-10	4.29771382926e-07
3.56862405416e-10	1.5855087554e-06
4.01470206093e-10	1.46691496639e-06
4.4607800677e-10	-5.06101109465e-07
4.90685807447e-10	-2.54792618648e-06
5.35293608124e-10	-4.08815998298e-06
5.79901408801e-10	-3.75620439286e-06
6.24509209478e-10	-1.29747728295e-06
6.69117010155e-10	2.87770438945e-06
7.13724810832e-10	7.38182404803e-06
7.58332611509e-10	9.37416984925e-06
8.02940412185e-10	6.84562672859e-06
8.47548212862e-10	-6.14192082082e-07
8.92156013539e-10	-1.08137089683e-05
9.36763814216e-10	-1.88897392945e-05
9.81371614893e-10	-1.94866079255e-05
1.02597941557e-09	-9.16309306831e-06
1.07058721625e-09	1.02642205775e-05
1.11519501692e-09	3.11708281515e-05
1.1598028176e-09	4.23857350142e-05
1.20441061828e-09	3.39935641023e-05
1.24901841896e-09	3.63561346717e-06
1.29362621963e-09	-3.94064813918e-05
1.33823402031e-09	-7.56269055273e-05
1.38284182099e-09	-8.25263550723e-05
1.42744962166e-09	-4.64244421892e-05
1.47205742234e-09	2.69575791663e-05
1.51666522302e-09	0.000109449249067
1.56127302369e-09	0.000158705273861
1.60588082437e-09	0.000137413790071
1.65048862505e-09	3.54028106813e-05
1.69509642572e-09	-0.000116379070278
1.7397042264e-09	-0.000250670165769
1.78431202708e-09	-0.000290024603601
1.82891982776e-09	-0.000186114357348
1.87352762843e-09	4.56051216133e-05
1.91813542911e-09	0.000316615678457
1.96274322979e-09	0.000493373907375
2.00735103046e-09	0.000457257137896
2.05195883114e-09	0.000172251999174
2.09656663182e-09	-0.000274541449471
2.14117443249e-09	-0.000688609048666
2.18578223317e-09	-0.000845243077492
2.23039003385e-09	-0.000601569525315
2.27499783453e-09	8.53313360949e-06
2.3196056352e-09	0.000751772604417
2.36421343588e-09	0.00127335607249
2.40882123656e-09	0.00125640865008
2.45342903723e-09	0.00059593761398
2.49803683791e-09	-0.000502223705553
2.54264463859e-09	-0.00156500579033
2.58725243926e-09	-0.00204420545197
2.63186023994e-09	-0.00158522835409
2.67646804062e-09	-0.000246389781751
2.7210758413e-09	0.00145517650526
2.76568364197e-09	0.0027265958488
2.81029144265e-09	0.00285645973054
2.85489924333e-09	0.00159093993716
2.899507044e-09	-0.000662218677462
2.94411484468e-09	-0.00293529321789
2.98872264536e-09	-0.00410332868341
3.03333044603e-09	-0.00342745875241
3.07793824671e-09	-0.000981801262242
3.12254604739e-09	0.00227048259694
3.16715384806e-09	0.00483893358614
3.21176164874e-09	0.00538029446034
3.25636944942e-09	0.00338444078807
3.3009772501e-09	-0.000472645613627
3.34558505077e-09	-0.00452635955298
3.39019285145e-09	-0.00683494179975
3.43480065213e-09	-0.00610511412378
3.4794084528e-09	-0.00239213486202
3.52401625348e-09	0.00279713943019
3.56862405416e-09	0.00710624636849
3.61323185483e-09	0.00840218475787
3.65783965551e-09	0.0058295338531
3.70244745619e-09	0.000324527587509
3.74705525687e-09	-0.0057057729573
3.79166305754e-09	-0.00944217818324
3.83627085822e-09	-0.00898231705651
3.8808786589e-09	-0.0043079102179
3.92548645957e-09	0.00260224056547
3.97009426025e-09	0.00861517200246
4.01470206093e-09	0.010882005794
4.0593098616e-09	0.0082032905193
4.10391766228e-09	0.00165939173894
4.14852546296e-09	-0.0058248428395
4.19313326364e-09	-0.0108068046393
4.23774106431e-09	-0.0109338270267
4.28234886499e-09	-0.00606990559027
4.32695666567e-09	0.00160587916616
4.37156446634e-09	0.00859161175322
4.41617226702e-09	0.0116866562748
4.4607800677e-09	0.00948215764947
4.50538786837e-09	0.00301280556596
4.54999566905e-09	-0.00473657192197
4.59460346973e-09	-0.010230485932
4.6392112704e-09	-0.0110219379421
4.68381907108e-09	-0.00685919896932
4.72842687176e-09	0.000247856043643
4.77303467244e-09	0.00700951158069
4.81764247311e-09	0.0104008318158
4.86225027379e-09	0.00903372291941
4.90685807447e-09	0.0037257205986
4.95146587514e-09	-0.00296670611715
4.99607367582e-09	-0.00799058953999
5.0406814765e-09	-0.00920461548958
5.08528927717e-09	-0.00629701482831
5.12989707785e-09	-0.000817809006548
5.17450487853e-09	0.00463682820555
5.21911267921e-09	0.00766185158864
5.26372047988e-09	0.00710862240521
5.30832828056e-09	0.00350500937202
5.35293608124e-09	-0.00131315545877
