% time-domain current integration by openEMS v0.37.0-rc2-21-gd59e7e7 @Sun Sep 20 14:40:41 2026
% start-coordinates: (0.0245944,-0.019724,-0.000359633) m -> [114,46,5]
% stop-coordinates: (0.0245944,-0.0164315,0) m -> [114,59,6]
% t/s	current
3.85214168195e-14	-0
4.46463220938e-11	-0
8.92541227708e-11	-0
1.33861923448e-10	-4.79358038666e-31
1.78469724125e-10	-1.63520208099e-15
2.23077524802e-10	-2.79501866096e-10
2.67685325479e-10	1.68574598725e-10
3.12293126156e-10	-9.41615008188e-10
3.56900926833e-10	-2.85184631466e-09
4.0150872751e-10	-3.92460215437e-08
4.46116528187e-10	-5.95740026199e-08
4.90724328863e-10	-7.18703274671e-09
5.3533212954e-10	6.00394969297e-08
5.79939930217e-10	1.23304332078e-07
6.24547730894e-10	1.43681887721e-07
6.69155531571e-10	8.53651016541e-08
7.13763332248e-10	-5.11012778759e-08
7.58371132925e-10	-2.15531187564e-07
8.02978933602e-10	-3.26155912944e-07
8.47586734279e-10	-2.95224936053e-07
8.92194534956e-10	-7.97138071107e-08
9.36802335633e-10	2.70379331369e-07
9.8141013631e-10	6.06506375789e-07
1.02601793699e-09	7.31173372515e-07
1.07062573766e-09	4.87693739615e-07
1.11523353834e-09	-1.27177969489e-07
1.15984133902e-09	-9.04730711682e-07
1.2044491397e-09	-1.46458944528e-06
1.24905694037e-09	-1.40924748848e-06
1.29366474105e-09	-5.44576948869e-07
1.33827254173e-09	9.34701347433e-07
1.3828803424e-09	2.41627458308e-06
1.42748814308e-09	3.07321874971e-06
1.47209594376e-09	2.25759572459e-06
1.51670374443e-09	-7.40848307146e-08
1.56131154511e-09	-3.13477494274e-06
1.60591934579e-09	-5.47520767213e-06
1.65052714646e-09	-5.57869816475e-06
1.69513494714e-09	-2.68646203949e-06
1.73974274782e-09	2.54878204942e-06
1.7843505485e-09	7.99046847533e-06
1.82895834917e-09	1.07504974949e-05
1.87356614985e-09	8.55459074955e-06
1.91817395053e-09	1.16376804726e-06
1.9627817512e-09	-8.91535182745e-06
2.00738955188e-09	-1.70311741385e-05
2.05199735256e-09	-1.8324899429e-05
2.09660515323e-09	-1.03003894765e-05
2.14121295391e-09	5.20840239915e-06
2.18582075459e-09	2.19119428948e-05
2.23042855527e-09	3.13098753395e-05
2.27503635594e-09	2.66880888375e-05
2.31964415662e-09	7.12329074304e-06
2.3642519573e-09	-2.06595304917e-05
2.40885975797e-09	-4.40801741206e-05
2.45346755865e-09	-5.0019891205e-05
2.49807535933e-09	-3.16045843647e-05
2.54268316e-09	6.84407041263e-06
2.58729096068e-09	4.97148248542e-05
2.63189876136e-09	7.59302638471e-05
2.67650656204e-09	6.88131694915e-05
2.72111436271e-09	2.55912636931e-05
2.76572216339e-09	-3.85252606065e-05
2.81032996407e-09	-9.48569213506e-05
2.85493776474e-09	-0.00011357285257
2.89954556542e-09	-7.87809767644e-05
2.9441533661e-09	9.74699332801e-07
2.98876116677e-09	9.30300302571e-05
3.03336896745e-09	0.00015333792544
3.07797676813e-09	0.000147029888467
3.1225845688e-09	6.74302355037e-05
3.16719236948e-09	-5.64660294913e-05
3.21180017016e-09	-0.000169543869561
3.25640797084e-09	-0.000214653686271
3.30101577151e-09	-0.00016093449085
3.34562357219e-09	-2.25420317292e-05
3.39023137287e-09	0.000142902470543
3.43483917354e-09	0.000257816107478
3.47944697422e-09	0.000260816450464
3.5240547749e-09	0.000138782939757
3.56866257557e-09	-6.16967954556e-05
3.61327037625e-09	-0.000251326942816
3.65787817693e-09	-0.000337853154633
3.70248597761e-09	-0.000270901189651
3.74709377828e-09	-7.0097950811e-05
3.79170157896e-09	0.000178854592377
3.83630937964e-09	0.000360766745871
3.88091718031e-09	0.000384631421184
3.92552498099e-09	0.00022919618641
3.97013278167e-09	-4.24509707955e-05
4.01474058234e-09	-0.000308333255816
4.05934838302e-09	-0.000442944146926
4.1039561837e-09	-0.000377131364075
4.14856398438e-09	-0.000133623834699
4.19317178505e-09	0.000180103364983
4.23777958573e-09	0.0004198726092
4.28238738641e-09	0.000472017447464
4.32699518708e-09	0.000307992100716
4.37160298776e-09	-2.06952165627e-07
4.41621078844e-09	-0.000312093936373
4.46081858911e-09	-0.000483753246954
4.50542638979e-09	-0.000435310037574
4.55003419047e-09	-0.000188687365153
4.59464199114e-09	0.000142475837492
4.63924979182e-09	0.000406033388572
4.6838575925e-09	0.000482364877826
4.72846539318e-09	0.000339544785675
4.77307319385e-09	4.68022481073e-05
4.81768099453e-09	-0.000259430904407
4.86228879521e-09	-0.000440042145783
4.90689659588e-09	-0.000417370640207
4.95150439656e-09	-0.000208958022995
4.99611219724e-09	8.38888663566e-05
5.04071999791e-09	0.000325797445839
5.08532779859e-09	0.000410678010667
5.12993559927e-09	0.00030870930641
5.17454339995e-09	7.59723843657e-05
5.21915120062e-09	-0.000175813955138
5.2637590013e-09	-0.000333282368956
5.30836680198e-09	-0.000332846684614
5.35297460265e-09	-0.000186078890692
