% time-domain voltage integration by openEMS v0.37.0-rc2-21-gd59e7e7 @Sun Sep 20 14:40:41 2026
% start-coordinates: (0.0259458,-0.018,0) m -> [116,54,6]
% stop-coordinates: (0.0259458,-0.018,-0.0016) m -> [116,54,0]
% t/s	voltage
0	0
4.4607800677e-11	0
8.92156013539e-11	0
1.33823402031e-10	0
1.78431202708e-10	1.34536032372e-18
2.23039003385e-10	4.23734689697e-10
2.67646804062e-10	7.38097805097e-09
3.12254604739e-10	2.11026991437e-08
3.56862405416e-10	1.19153339639e-07
4.01470206093e-10	1.26831434955e-06
4.4607800677e-10	3.08680296257e-06
4.90685807447e-10	7.10962432038e-07
5.35293608124e-10	-1.9349614746e-06
5.79901408801e-10	-5.1327087931e-06
6.24509209478e-10	-6.74754579677e-06
6.69117010155e-10	-5.03088006099e-06
7.13724810832e-10	5.31438878681e-07
7.58332611509e-10	8.255884552e-06
8.02940412185e-10	1.45008175423e-05
8.47548212862e-10	1.49317197611e-05
8.92156013539e-10	6.90480919729e-06
9.36763814216e-10	-8.41824737563e-06
9.81371614893e-10	-2.50869995853e-05
1.02597941557e-09	-3.41145901075e-05
1.07058721625e-09	-2.72799820777e-05
1.11519501692e-09	-2.30364975096e-06
1.1598028176e-09	3.35131512657e-05
1.20441061828e-09	6.40301991552e-05
1.24901841896e-09	6.97782552379e-05
1.29362621963e-09	3.86656715818e-05
1.33823402031e-09	-2.52397007898e-05
1.38284182099e-09	-9.77636836978e-05
1.42744962166e-09	-0.000141362312206
1.47205742234e-09	-0.000121832701552
1.51666522302e-09	-2.86896236048e-05
1.56127302369e-09	0.000110986904474
1.60588082437e-09	0.000235487212194
1.65048862505e-09	0.000271526543656
1.69509642572e-09	0.00017149800442
1.7397042264e-09	-5.21402985214e-05
1.78431202708e-09	-0.000315421049891
1.82891982776e-09	-0.000487471679662
1.87352762843e-09	-0.000448659862741
1.91813542911e-09	-0.000159220882779
1.96274322979e-09	0.000296248930681
2.00735103046e-09	0.000720016556443
2.05195883114e-09	0.000877544342075
2.09656663182e-09	0.000614304699411
2.14117443249e-09	-3.98334045713e-05
2.18578223317e-09	-0.000839133092086
2.23039003385e-09	-0.00139904591197
2.27499783453e-09	-0.00136710803781
2.3196056352e-09	-0.000618431055045
2.36421343588e-09	0.000624180676823
2.40882123656e-09	0.00182751203829
2.45342903723e-09	0.00235886764131
2.49803683791e-09	0.00179681064037
2.54264463859e-09	0.000197840356122
2.58725243926e-09	-0.00183219951577
2.63186023994e-09	-0.00334076490253
2.67646804062e-09	-0.00345409326837
2.7210758413e-09	-0.00184542647912
2.76568364197e-09	0.0009915594419
2.81029144265e-09	0.00384472470614
2.85489924333e-09	0.00527630205033
2.899507044e-09	0.00431995547842
2.94411484468e-09	0.0010552806998
2.98872264536e-09	-0.00325903733028
3.03333044603e-09	-0.00663470575819
3.07793824671e-09	-0.00724747258937
3.12254604739e-09	-0.00438395387027
3.16715384806e-09	0.00103581410804
3.21176164874e-09	0.00668924330967
3.25636944942e-09	0.0098233014578
3.3009772501e-09	0.00857428309973
3.34558505077e-09	0.0030106753693
3.39019285145e-09	-0.00466364849126
3.43480065213e-09	-0.0109506730223
3.4794084528e-09	-0.0126424982445
3.52401625348e-09	-0.00843626342248
3.56862405416e-09	0.000226146175919
3.61323185483e-09	0.00959330948535
3.65783965551e-09	0.0152229737723
3.70244745619e-09	0.0140904706204
3.74705525687e-09	0.00618448434398
3.79166305754e-09	-0.0052431197837
3.83627085822e-09	-0.0150047980715
3.8808786589e-09	-0.0183483504225
3.92548645957e-09	-0.0132803078741
3.97009426025e-09	-0.00170011230512
4.01470206093e-09	0.0112845806871
4.0593098616e-09	0.0196323695127
4.10391766228e-09	0.0192110636272
4.14852546296e-09	0.00985580380075
4.19313326364e-09	-0.00438994244905
4.23774106431e-09	-0.0170411884319
4.28234886499e-09	-0.0221659054514
4.32695666567e-09	-0.0172056832816
4.37156446634e-09	-0.00426228146534
4.41617226702e-09	0.0108019151958
4.4607800677e-09	0.0210614181124
4.50538786837e-09	0.02176255011
4.54999566905e-09	0.0125613268465
4.59460346973e-09	-0.00230597311747
4.6392112704e-09	-0.0160047962563
4.68381907108e-09	-0.0222949299496
4.72842687176e-09	-0.0184192780871
4.77303467244e-09	-0.00632986292476
4.81764247311e-09	0.00830122019397
4.86225027379e-09	0.0187814761885
4.90685807447e-09	0.0205047444906
4.95146587514e-09	0.0130024893442
4.99607367582e-09	1.39439143823e-05
5.0406814765e-09	-0.0123883069027
5.08528927717e-09	-0.0186713407747
5.12989707785e-09	-0.0163382507162
5.17450487853e-09	-0.00690912711434
5.21911267921e-09	0.0049899877049
5.26372047988e-09	0.0139066509437
5.30832828056e-09	0.0160806204658
5.35293608124e-09	0.0110289212316
