% time-domain voltage integration by openEMS v0.37.0-rc2-21-gd59e7e7 @Sun Sep 20 14:40:41 2026
% start-coordinates: (0,-0.00353493,0) m -> [76,86,6]
% stop-coordinates: (0,-0.00353493,-0.0016) m -> [76,86,0]
% t/s	voltage
0	0
4.4607800677e-11	0
8.92156013539e-11	5.20725547667e-26
1.33823402031e-10	-4.59103024694e-11
1.78431202708e-10	1.09542774157e-09
2.23039003385e-10	1.74955558929e-08
2.67646804062e-10	4.64897231822e-08
3.12254604739e-10	2.95773531889e-07
3.56862405416e-10	1.55424071124e-06
4.01470206093e-10	1.58138465167e-06
4.4607800677e-10	-3.12738233532e-07
4.90685807447e-10	-2.29394635198e-06
5.35293608124e-10	-4.04564997325e-06
5.79901408801e-10	-3.8969577929e-06
6.24509209478e-10	-1.70531825461e-06
6.69117010155e-10	2.37696292515e-06
7.13724810832e-10	6.98197766269e-06
7.58332611509e-10	9.36182232181e-06
8.02940412185e-10	7.37439978593e-06
8.47548212862e-10	3.31512616469e-07
8.92156013539e-10	-9.74472402504e-06
9.36763814216e-10	-1.83427009688e-05
9.81371614893e-10	-1.99189032628e-05
1.02597941557e-09	-1.0769773894e-05
1.07058721625e-09	7.96568946271e-06
1.11519501692e-09	2.92763759262e-05
1.1598028176e-09	4.20860865233e-05
1.20441061828e-09	3.60077533514e-05
1.24901841896e-09	7.69310207716e-06
1.29362621963e-09	-3.48578219018e-05
1.33823402031e-09	-7.29591047275e-05
1.38284182099e-09	-8.38603491502e-05
1.42744962166e-09	-5.23726439496e-05
1.47205742234e-09	1.81640073151e-05
1.51666522302e-09	0.000101727812762
1.56127302369e-09	0.000156645564857
1.60588082437e-09	0.000143862025652
1.65048862505e-09	4.95021986353e-05
1.69509642572e-09	-0.000100016744909
1.7397042264e-09	-0.000240223778746
1.78431202708e-09	-0.000292811630061
1.82891982776e-09	-0.000204404570468
1.87352762843e-09	1.72793122601e-05
1.91813542911e-09	0.000290656491416
1.96274322979e-09	0.000484204290842
2.00735103046e-09	0.000474143151223
2.05195883114e-09	0.000212961245779
2.09656663182e-09	-0.000225475190746
2.14117443249e-09	-0.000654911491438
2.18578223317e-09	-0.000848236464662
2.23039003385e-09	-0.000648334687867
2.27499783453e-09	-6.77276520946e-05
2.3196056352e-09	0.000678940559737
2.36421343588e-09	0.00124237050477
2.40882123656e-09	0.00129224076227
2.45342903723e-09	0.000694127345923
2.49803683791e-09	-0.000379271670681
2.54264463859e-09	-0.00147519668099
2.58725243926e-09	-0.00203970515577
2.63186023994e-09	-0.00168441009009
2.67646804062e-09	-0.000418077124777
2.7210758413e-09	0.00128475498059
2.76568364197e-09	0.00264347408665
2.81029144265e-09	0.00291706610005
2.85489924333e-09	0.00178843241883
2.899507044e-09	-0.000404741211241
2.94411484468e-09	-0.0027367954026
2.98872264536e-09	-0.00407112648827
3.03333044603e-09	-0.003601387667
3.07793824671e-09	-0.00130461428489
3.12254604739e-09	0.00193776319793
3.16715384806e-09	0.0046583925141
3.21176164874e-09	0.00545924244216
3.25636944942e-09	0.00371532209101
3.3009772501e-09	-2.20867209464e-05
3.34558505077e-09	-0.00416182313347
3.39019285145e-09	-0.0067420664127
3.43480065213e-09	-0.00635607802542
3.4794084528e-09	-0.00289891060675
3.52401625348e-09	0.00225485765259
3.56862405416e-09	0.00678539962973
3.61323185483e-09	0.00847429543501
3.65783965551e-09	0.00629052880686
3.70244745619e-09	0.000983230027487
3.74705525687e-09	-0.00514857209055
3.79166305754e-09	-0.00925673393067
3.83627085822e-09	-0.00927809299901
3.8808786589e-09	-0.00497166870628
3.92548645957e-09	0.00186418816156
3.97009426025e-09	0.00814551155781
4.01470206093e-09	0.0109114234801
4.0593098616e-09	0.0087361849146
4.10391766228e-09	0.00246371005778
4.14852546296e-09	-0.00511524750618
4.19313326364e-09	-0.0105229838518
4.23774106431e-09	-0.0112150192726
4.28234886499e-09	-0.00679446710274
4.32695666567e-09	0.000766995930462
4.37156446634e-09	0.00802303850651
4.41617226702e-09	0.0116493124515
4.4607800677e-09	0.00999161682557
4.50538786837e-09	0.00383268500445
4.54999566905e-09	-0.00398307212163
4.59460346973e-09	-0.00988467934076
4.6392112704e-09	-0.0112324999645
4.68381907108e-09	-0.0075174907106
4.72842687176e-09	-0.000548350995814
4.77303467244e-09	0.0064385572914
4.81764247311e-09	0.0103035885841
4.86225027379e-09	0.00943460408598
4.90685807447e-09	0.00442292162916
4.95146587514e-09	-0.00229923066217
4.99607367582e-09	-0.00764897384215
5.0406814765e-09	-0.00932235899381
5.08528927717e-09	-0.00679379369831
5.12989707785e-09	-0.00144871165685
5.17450487853e-09	0.00416028764448
5.21911267921e-09	0.00753890071064
5.26372047988e-09	0.0073662866489
5.30832828056e-09	0.00399908161489
5.35293608124e-09	-0.000819770342787
