% time-domain current integration by openEMS v0.37.0-rc2-21-gd59e7e7 @Sun Sep 20 14:40:41 2026
% start-coordinates: (-0.0251567,-0.019724,-0.000359633) m -> [23,46,5]
% stop-coordinates: (-0.0251567,-0.0164315,0) m -> [23,59,6]
% t/s	current
3.85214168195e-14	0
4.46463220938e-11	6.5203686006e-08
8.92541227708e-11	7.25005406821e-08
1.33861923448e-10	3.91152816803e-08
1.78469724125e-10	-5.11921278701e-08
2.23077524802e-10	-1.41983448998e-07
2.67685325479e-10	-1.92592111148e-07
3.12293126156e-10	-1.51402431925e-07
3.56900926833e-10	1.10216302751e-09
4.0150872751e-10	2.18294914589e-07
4.46116528187e-10	3.96546823822e-07
4.90724328863e-10	4.20655482003e-07
5.3533212954e-10	2.12985980852e-07
5.79939930217e-10	-2.00229578695e-07
6.24547730894e-10	-6.68549148486e-07
6.69155531571e-10	-9.4423722885e-07
7.13763332248e-10	-7.87525436863e-07
7.58371132925e-10	-1.2584636977e-07
8.02978933602e-10	8.62209390107e-07
8.47586734279e-10	1.73466582964e-06
8.92194534956e-10	1.95241432266e-06
9.36802335633e-10	1.16231217362e-06
9.8141013631e-10	-5.62241552871e-07
1.02601793699e-09	-2.58200634562e-06
1.07062573766e-09	-3.87072941521e-06
1.11523353834e-09	-3.46296178577e-06
1.15984133902e-09	-1.01371892924e-06
1.2044491397e-09	2.79779624179e-06
1.24905694037e-09	6.3163492996e-06
1.29366474105e-09	7.51475863581e-06
1.33827254173e-09	5.00947635373e-06
1.3828803424e-09	-9.74449676505e-07
1.42748814308e-09	-8.23672598926e-06
1.47209594376e-09	-1.32227687573e-05
1.51670374443e-09	-1.25758660943e-05
1.56131154511e-09	-5.03245246364e-06
1.60591934579e-09	7.29477324057e-06
1.65052714646e-09	1.91299677681e-05
1.69513494714e-09	2.40314184339e-05
1.73974274782e-09	1.75610748556e-05
1.7843505485e-09	2.02095861823e-07
1.82895834917e-09	-2.16410735447e-05
1.87356614985e-09	-3.75839335902e-05
1.91817395053e-09	-3.78272961825e-05
1.9627817512e-09	-1.85126282304e-05
2.00738955188e-09	1.48327344505e-05
2.05199735256e-09	4.80594826513e-05
2.09660515323e-09	6.39201680315e-05
2.14121295391e-09	5.04551790073e-05
2.18582075459e-09	8.39833683131e-06
2.23042855527e-09	-4.65491939394e-05
2.27503635594e-09	-8.88424692675e-05
2.31964415662e-09	-9.44053317653e-05
2.3642519573e-09	-5.33897764399e-05
2.40885975797e-09	2.20458787226e-05
2.45346755865e-09	9.9947945273e-05
2.49807535933e-09	0.00014143626322
2.54268316e-09	0.0001194123397
2.58729096068e-09	3.43938481819e-05
2.63189876136e-09	-8.12146026874e-05
2.67650656204e-09	-0.000174500557478
2.72111436271e-09	-0.000195679836906
2.76572216339e-09	-0.000123709629406
2.81032996407e-09	1.89515358215e-05
2.85493776474e-09	0.000171547435457
2.89954556542e-09	0.000260293716565
2.9441533661e-09	0.000233551705605
2.98876116677e-09	9.03397958609e-05
3.03336896745e-09	-0.000113069232611
3.07797676813e-09	-0.000284408859443
3.1225845688e-09	-0.000337038742146
3.16719236948e-09	-0.000233270679018
3.21180017016e-09	-7.88791203377e-06
3.25640797084e-09	0.000241884888965
3.30101577151e-09	0.000398189760745
3.34562357219e-09	0.000378256198019
3.39023137287e-09	0.000177621332114
3.43483917354e-09	-0.000121547396702
3.47944697422e-09	-0.000383853563108
3.5240547749e-09	-0.000482413102873
3.56866257557e-09	-0.000360583217116
3.61327037625e-09	-6.34450698271e-05
3.65787817693e-09	0.000278143706964
3.70248597761e-09	0.000505778822117
3.74709377828e-09	0.000507860269863
3.79170157896e-09	0.000274743913906
3.83630937964e-09	-9.28002118599e-05
3.88091718031e-09	-0.000427664606832
3.92552498099e-09	-0.000573525554501
3.97013278167e-09	-0.000458894268377
4.01474058234e-09	-0.000132513785502
4.05934838302e-09	0.000257615407463
4.1039561837e-09	0.000532457837835
4.14856398438e-09	0.000565460126381
4.19317178505e-09	0.000341777515132
4.23777958573e-09	-3.49523252225e-05
4.28238738641e-09	-0.000391420646338
4.32699518708e-09	-0.000565691036172
4.37160298776e-09	-0.00048196251737
4.41621078844e-09	-0.000183994096005
4.46081858911e-09	0.000187746132724
4.50542638979e-09	0.000463243777631
4.55003419047e-09	0.000521848734934
4.59464199114e-09	0.000345783308148
4.63924979182e-09	2.42255555349e-05
4.6838575925e-09	-0.000291992269922
4.72846539318e-09	-0.000461946532596
4.77307319385e-09	-0.000418106879806
4.81768099453e-09	-0.000192843595869
4.86228879521e-09	0.000102192308987
4.90689659588e-09	0.000331540388288
4.95150439656e-09	0.00039857882075
4.99611219724e-09	0.000286165915895
5.04071999791e-09	5.82809079788e-05
5.08532779859e-09	-0.000175140346983
5.12993559927e-09	-0.000311220996082
5.17454339995e-09	-0.000299422885291
5.21915120062e-09	-0.000159224568051
5.2637590013e-09	3.52794158971e-05
5.30836680198e-09	0.00019372710085
5.35297460265e-09	0.000251203222433
