% time-domain voltage integration by openEMS v0.37.0-rc2-21-gd59e7e7 @Sun Sep 20 14:40:41 2026
% start-coordinates: (-0.0251567,-0.018,0) m -> [23,54,6]
% stop-coordinates: (-0.0251567,-0.018,-0.0016) m -> [23,54,0]
% t/s	voltage
0	0
4.4607800677e-11	3.18543914091e-06
8.92156013539e-11	3.09706902613e-06
1.33823402031e-10	5.42141528115e-07
1.78431202708e-10	-2.7728337102e-06
2.23039003385e-10	-6.84201307877e-06
2.67646804062e-10	-8.36011770389e-06
3.12254604739e-10	-5.85532717423e-06
3.56862405416e-10	9.66122577495e-07
4.01470206093e-10	1.03600370949e-05
4.4607800677e-10	1.78370883077e-05
4.90685807447e-10	1.82224325727e-05
5.35293608124e-10	8.25333273724e-06
5.79901408801e-10	-1.07256847741e-05
6.24509209478e-10	-3.10874402203e-05
6.69117010155e-10	-4.17002720496e-05
7.13724810832e-10	-3.27296679643e-05
7.58332611509e-10	-1.69163175201e-06
8.02940412185e-10	4.2076524096e-05
8.47548212862e-10	7.86686578067e-05
8.92156013539e-10	8.47976480145e-05
9.36763814216e-10	4.5449226036e-05
9.81371614893e-10	-3.30647558258e-05
1.02597941557e-09	-0.000120990795949
1.07058721625e-09	-0.000172392445165
1.11519501692e-09	-0.000146200767631
1.1598028176e-09	-3.09083968659e-05
1.20441061828e-09	0.000139314222906
1.24901841896e-09	0.000288532384729
1.29362621963e-09	0.000328218189679
1.33823402031e-09	0.000202375504159
1.38284182099e-09	-7.14505795258e-05
1.42744962166e-09	-0.000389262026147
1.47205742234e-09	-0.000592075753957
1.51666522302e-09	-0.00053700049466
1.56127302369e-09	-0.000179891416337
1.60588082437e-09	0.000372522536054
1.65048862505e-09	0.000878735438164
1.69509642572e-09	0.00105671397614
1.7397042264e-09	0.000725218880689
1.78431202708e-09	-7.21496699043e-05
1.82891982776e-09	-0.00103280003532
1.87352762843e-09	-0.00169201880635
1.91813542911e-09	-0.00163102059742
1.96274322979e-09	-0.000710487322067
2.00735103046e-09	0.00078959750681
2.05195883114e-09	0.00222158461111
2.09656663182e-09	0.00282872078242
2.14117443249e-09	0.00211872268119
2.18578223317e-09	0.000178409998625
2.23039003385e-09	-0.00225029533613
2.27499783453e-09	-0.00402279716218
2.3196056352e-09	-0.00410583720077
2.36421343588e-09	-0.00213416176848
2.40882123656e-09	0.00127443124074
2.45342903723e-09	0.00465597450966
2.49803683791e-09	0.00630000402452
2.54264463859e-09	0.00508227176033
2.58725243926e-09	0.00113795822836
2.63186023994e-09	-0.00399982635281
2.67646804062e-09	-0.00795504712733
2.7210758413e-09	-0.00858129817061
2.76568364197e-09	-0.00508000684204
2.81029144265e-09	0.00140176774585
2.85489924333e-09	0.00807422207436
2.899507044e-09	0.0116794510977
2.94411484468e-09	0.0100577470148
2.98872264536e-09	0.00336227955995
3.03333044603e-09	-0.00573625147808
3.07793824671e-09	-0.0130795680452
3.12254604739e-09	-0.0149112447398
3.16715384806e-09	-0.00977236405015
3.21176164874e-09	0.000544591443031
3.25636944942e-09	0.0115561890416
3.3009772501e-09	0.0180309107527
3.34558505077e-09	0.0164770114934
3.39019285145e-09	0.0069904171396
3.43480065213e-09	-0.00650519732153
3.4794084528e-09	-0.0178716136143
3.52401625348e-09	-0.0215675951913
3.56862405416e-09	-0.0153619667981
3.61323185483e-09	-0.00161293230485
3.65783965551e-09	0.0135999120539
3.70244745619e-09	0.0231905556284
3.74705525687e-09	0.0224045508076
3.79166305754e-09	0.0111904211808
3.83627085822e-09	-0.00558706733864
3.8808786589e-09	-0.0202808522154
3.92548645957e-09	-0.0259969346225
3.97009426025e-09	-0.0198740430642
4.01470206093e-09	-0.00452588550979
4.0593098616e-09	0.013086544117
4.10391766228e-09	0.0248617078178
4.14852546296e-09	0.0253431415185
4.19313326364e-09	0.0142881873762
4.23774106431e-09	-0.00320869343705
4.28234886499e-09	-0.0191005121451
4.32695666567e-09	-0.0261476451997
4.37156446634e-09	-0.0212684096768
4.41617226702e-09	-0.00690593704348
4.4607800677e-09	0.010203151498
4.50538786837e-09	0.022233117139
4.54999566905e-09	0.0239007829223
4.59460346973e-09	0.0148156253854
4.6392112704e-09	-0.000510300626047
4.68381907108e-09	-0.0149166421033
4.72842687176e-09	-0.0219791813288
4.77303467244e-09	-0.0189061027486
4.81764247311e-09	-0.00762653152924
4.86225027379e-09	0.00634169171099
4.90685807447e-09	0.0166036864975
4.95146587514e-09	0.0188381406479
4.99607367582e-09	0.0126152847661
5.0406814765e-09	0.001320630603
5.08528927717e-09	-0.009649823769
5.12989707785e-09	-0.0154720252613
5.17450487853e-09	-0.0140145175392
5.21911267921e-09	-0.00656707491726
5.26372047988e-09	0.00303792773047
5.30832828056e-09	0.0103721746709
5.35293608124e-09	0.0124446513364
