% time-domain voltage integration by openEMS v0.37.0-rc2-21-gd59e7e7 @Sun Sep 20 14:40:41 2026
% start-coordinates: (0,-0.00284306,0) m -> [76,87,6]
% stop-coordinates: (0,-0.00284306,-0.0016) m -> [76,87,0]
% t/s	voltage
0	0
4.4607800677e-11	0
8.92156013539e-11	1.22436548294e-26
1.33823402031e-10	-1.88452153188e-11
1.78431202708e-10	2.47510914542e-09
2.23039003385e-10	2.46040690044e-08
2.67646804062e-10	2.39347226483e-08
3.12254604739e-10	1.85430057087e-07
3.56862405416e-10	1.52373849005e-06
4.01470206093e-10	1.65063435986e-06
4.4607800677e-10	-4.86490172591e-08
4.90685807447e-10	-2.11642196746e-06
5.35293608124e-10	-3.94264262127e-06
5.79901408801e-10	-4.02505614261e-06
6.24509209478e-10	-2.05906805206e-06
6.69117010155e-10	1.89591622757e-06
7.13724810832e-10	6.56463515725e-06
7.58332611509e-10	9.27999690248e-06
8.02940412185e-10	7.84594220704e-06
8.47548212862e-10	1.27787663473e-06
8.92156013539e-10	-8.6646151658e-06
9.36763814216e-10	-1.77406277544e-05
9.81371614893e-10	-2.02414905743e-05
1.02597941557e-09	-1.22504768569e-05
1.07058721625e-09	5.72756846395e-06
1.11519501692e-09	2.72758356914e-05
1.1598028176e-09	4.15469648942e-05
1.20441061828e-09	3.77980077246e-05
1.24901841896e-09	1.16115523952e-05
1.29362621963e-09	-3.02583109715e-05
1.33823402031e-09	-6.99983347658e-05
1.38284182099e-09	-8.47522342156e-05
1.42744962166e-09	-5.79048191867e-05
1.47205742234e-09	9.52249206421e-06
1.51666522302e-09	9.37130043894e-05
1.56127302369e-09	0.000153843231601
1.60588082437e-09	0.000149483854329
1.65048862505e-09	6.29963660685e-05
1.69509642572e-09	-8.35574855955e-05
1.7397042264e-09	-0.000228833883739
1.78431202708e-09	-0.000294084915367
1.82891982776e-09	-0.000221281141421
1.87352762843e-09	-1.04892983472e-05
1.91813542911e-09	0.00026382330725
1.96274322979e-09	0.000472864932817
2.00735103046e-09	0.000488356061396
2.05195883114e-09	0.00025177722091
2.09656663182e-09	-0.000176313289558
2.14117443249e-09	-0.00061866913893
2.18578223317e-09	-0.000847029557917
2.23039003385e-09	-0.000691059503879
2.27499783453e-09	-0.000142253828017
2.3196056352e-09	0.000604107728577
2.36421343588e-09	0.00120586551202
2.40882123656e-09	0.00132112977735
2.45342903723e-09	0.000787274431786
2.49803683791e-09	-0.000256484499914
2.54264463859e-09	-0.00137962146255
2.58725243926e-09	-0.0020253185794
2.63186023994e-09	-0.00177389560849
2.67646804062e-09	-0.000585197951295
2.7210758413e-09	0.00111051458225
2.76568364197e-09	0.00254863133887
2.81029144265e-09	0.00296265477664
2.85489924333e-09	0.00197465535894
2.899507044e-09	-0.00014851447304
2.94411484468e-09	-0.00252738158451
2.98872264536e-09	-0.00401947693899
3.03333044603e-09	-0.00375582417473
3.07793824671e-09	-0.00161757586466
3.12254604739e-09	0.00159908727801
3.16715384806e-09	0.00445698964177
3.21176164874e-09	0.0055108613451
3.25636944942e-09	0.00402509557898
3.3009772501e-09	0.00042465504157
3.34558505077e-09	-0.00378004016238
3.39019285145e-09	-0.00661710451823
3.43480065213e-09	-0.00657422019867
3.4794084528e-09	-0.00338799785823
3.52401625348e-09	0.00170517670631
3.56862405416e-09	0.00643346243305
3.61323185483e-09	0.00850469747093
3.65783965551e-09	0.00671841111034
3.70244745619e-09	0.00163393138791
3.74705525687e-09	-0.00456873822259
3.79166305754e-09	-0.00902687211055
3.83627085822e-09	-0.00952752016019
3.8808786589e-09	-0.00560903118458
3.92548645957e-09	0.00111905143422
3.97009426025e-09	0.00763715512585
4.01470206093e-09	0.0108874280704
4.0593098616e-09	0.00922557688318
4.10391766228e-09	0.00325516975136
4.14852546296e-09	-0.00438100507017
4.19313326364e-09	-0.0101876468398
4.23774106431e-09	-0.0114412896801
4.28234886499e-09	-0.0074862302863
4.32695666567e-09	-7.66186876717e-05
4.37156446634e-09	0.00741416565143
4.41617226702e-09	0.0115546848392
4.4607800677e-09	0.0104531857651
4.50538786837e-09	0.00463608134305
4.54999566905e-09	-0.0032074576302
4.59460346973e-09	-0.00948883395176
4.6392112704e-09	-0.0113885255996
4.68381907108e-09	-0.00814171414822
4.72842687176e-09	-0.00134589464869
4.77303467244e-09	0.00583261431893
4.81764247311e-09	0.0101547933882
4.86225027379e-09	0.0097913130885
4.90685807447e-09	0.00510293099796
4.95146587514e-09	-0.00161551464407
4.99607367582e-09	-0.00726673076861
5.0406814765e-09	-0.00939470063895
5.08528927717e-09	-0.00726097531151
5.12989707785e-09	-0.00207804638194
5.17450487853e-09	0.00365854293341
5.21911267921e-09	0.00737710442627
5.26372047988e-09	0.00758974347264
5.30832828056e-09	0.00447839434491
5.35293608124e-09	-0.000316777372063
