% time-domain voltage integration by openEMS v0.37.0-rc2-21-gd59e7e7 @Sun Sep 20 14:40:41 2026
% start-coordinates: (0.0252701,-0.018,0) m -> [115,54,6]
% stop-coordinates: (0.0252701,-0.018,-0.0016) m -> [115,54,0]
% t/s	voltage
0	0
4.4607800677e-11	0
8.92156013539e-11	0
1.33823402031e-10	0
1.78431202708e-10	5.48558147285e-18
2.23039003385e-10	6.17025250338e-10
2.67646804062e-10	6.5510994407e-09
3.12254604739e-10	2.80400438424e-08
3.56862405416e-10	1.38242359782e-07
4.01470206093e-10	1.5873118997e-06
4.4607800677e-10	2.92623954579e-06
4.90685807447e-10	4.2869373118e-07
5.35293608124e-10	-2.31430956887e-06
5.79901408801e-10	-5.344967974e-06
6.24509209478e-10	-6.75717433296e-06
6.69117010155e-10	-4.60610743858e-06
7.13724810832e-10	1.21111925466e-06
7.58332611509e-10	8.96448295862e-06
8.02940412185e-10	1.48454464579e-05
8.47548212862e-10	1.44734383412e-05
8.92156013539e-10	5.57774905019e-06
9.36763814216e-10	-1.01511859611e-05
9.81371614893e-10	-2.64138448074e-05
1.02597941557e-09	-3.41390827998e-05
1.07058721625e-09	-2.54293895523e-05
1.11519501692e-09	9.90128860678e-07
1.1598028176e-09	3.70606762772e-05
1.20441061828e-09	6.58042513351e-05
1.24901841896e-09	6.82118925397e-05
1.29362621963e-09	3.3363095099e-05
1.33823402031e-09	-3.26027036408e-05
1.38284182099e-09	-0.000103804998616
1.42744962166e-09	-0.000142209106343
1.47205742234e-09	-0.00011527229708
1.51666522302e-09	-1.58820515708e-05
1.56127302369e-09	0.000125031997413
1.60588082437e-09	0.000243442651481
1.65048862505e-09	0.000267093335424
1.69509642572e-09	0.000153247236085
1.7397042264e-09	-7.85355687185e-05
1.78431202708e-09	-0.000338030073181
1.82891982776e-09	-0.000492938099342
1.87352762843e-09	-0.000429074840213
1.91813542911e-09	-0.00011799119784
1.96274322979e-09	0.000343039766449
2.00735103046e-09	0.000748894039134
2.05195883114e-09	0.000868305411132
2.09656663182e-09	0.000561831853702
2.14117443249e-09	-0.000118899784866
2.18578223317e-09	-0.000909753158339
2.23039003385e-09	-0.00142194121145
2.27499783453e-09	-0.00131876469823
2.3196056352e-09	-0.000507273649418
2.36421343588e-09	0.000754723150749
2.40882123656e-09	0.00191392339184
2.45342903723e-09	0.00234663908486
2.49803683791e-09	0.0016710045893
2.54264463859e-09	-6.25331125548e-07
2.58725243926e-09	-0.00201628822833
2.63186023994e-09	-0.00341333338292
2.67646804062e-09	-0.00335632331553
2.7210758413e-09	-0.00159475303371
2.76568364197e-09	0.00129616180493
2.81029144265e-09	0.00405876807054
2.85489924333e-09	0.00527587282704
2.899507044e-09	0.00406884434051
2.94411484468e-09	0.000638164718112
2.98872264536e-09	-0.0036599226587
3.03333044603e-09	-0.00681675109081
3.07793824671e-09	-0.00708718580427
3.12254604739e-09	-0.00391115329694
3.16715384806e-09	0.00163099117344
3.21176164874e-09	0.00712951412424
3.25636944942e-09	0.00987161160447
3.3009772501e-09	0.00815750914626
3.34558505077e-09	0.00227654413902
3.39019285145e-09	-0.0053934933967
3.43480065213e-09	-0.0113201333443
3.4794084528e-09	-0.0124334290158
3.52401625348e-09	-0.00769076496363
3.56862405416e-09	0.00120004548808
3.61323185483e-09	0.0103471631883
3.65783965551e-09	0.0153746627038
3.70244745619e-09	0.0135167166591
3.74705525687e-09	0.00510245608166
3.79166305754e-09	-0.00635466480162
3.83627085822e-09	-0.0156184503576
3.8808786589e-09	-0.0181398275308
3.92548645957e-09	-0.0122982672183
3.97009426025e-09	-0.000365244173736
4.01470206093e-09	0.0123608064605
4.0593098616e-09	0.0199309973978
4.10391766228e-09	0.0185582516715
4.14852546296e-09	0.00852057244629
4.19313326364e-09	-0.00580687751062
4.23774106431e-09	-0.0178812844679
4.28234886499e-09	-0.0220233923756
4.32695666567e-09	-0.0161257855361
4.37156446634e-09	-0.0027294831234
4.41617226702e-09	0.0120846470818
4.4607800677e-09	0.0215001848992
4.50538786837e-09	0.021151896799
4.54999566905e-09	0.0111819092417
4.59460346973e-09	-0.00381837930763
4.6392112704e-09	-0.0169571433216
4.68381907108e-09	-0.0222596125677
4.72842687176e-09	-0.0174291292205
4.77303467244e-09	-0.00485527206911
4.81764247311e-09	0.00957887130789
4.86225027379e-09	0.0192893161438
4.90685807447e-09	0.0200390417594
4.95146587514e-09	0.0118099172832
4.99607367582e-09	-0.00133823863871
5.0406814765e-09	-0.0132851038361
5.08528927717e-09	-0.0187331840862
5.12989707785e-09	-0.0155823554378
5.17450487853e-09	-0.00572052027564
5.21911267921e-09	0.00605434726458
5.26372047988e-09	0.0143810349982
5.30832828056e-09	0.0157952889567
5.35293608124e-09	0.0101663946407
