% time-domain voltage integration by openEMS v0.37.0-rc2-21-gd59e7e7 @Sun Sep 20 14:40:41 2026
% start-coordinates: (0.0245944,-0.018,0) m -> [114,54,6]
% stop-coordinates: (0.0245944,-0.018,-0.0016) m -> [114,54,0]
% t/s	voltage
0	0
4.4607800677e-11	0
8.92156013539e-11	0
1.33823402031e-10	1.45874913643e-35
1.78431202708e-10	2.0885702696e-17
2.23039003385e-10	8.12253826699e-10
2.67646804062e-10	6.03391264731e-09
3.12254604739e-10	3.43932429203e-08
3.56862405416e-10	1.6499480715e-07
4.01470206093e-10	1.93680011762e-06
4.4607800677e-10	2.72744665608e-06
4.90685807447e-10	1.39089776141e-07
5.35293608124e-10	-2.67500868745e-06
5.79901408801e-10	-5.6121808143e-06
6.24509209478e-10	-6.73340400681e-06
6.69117010155e-10	-4.16545827875e-06
7.13724810832e-10	1.96733194002e-06
7.58332611509e-10	9.67891696746e-06
8.02940412185e-10	1.50982193645e-05
8.47548212862e-10	1.3900039221e-05
8.92156013539e-10	4.26964521694e-06
9.36763814216e-10	-1.18356460916e-05
9.81371614893e-10	-2.76351656794e-05
1.02597941557e-09	-3.40205965585e-05
1.07058721625e-09	-2.3451116931e-05
1.11519501692e-09	4.40375998778e-06
1.1598028176e-09	4.04984912166e-05
1.20441061828e-09	6.72773885526e-05
1.24901841896e-09	6.62550828565e-05
1.29362621963e-09	2.775075518e-05
1.33823402031e-09	-3.99952054977e-05
1.38284182099e-09	-0.000109468002847
1.42744962166e-09	-0.000142388393215
1.47205742234e-09	-0.000108017734419
1.51666522302e-09	-2.72968929949e-06
1.56127302369e-09	0.000138794770464
1.60588082437e-09	0.000250382085142
1.65048862505e-09	0.000261257358943
1.69509642572e-09	0.000133854635351
1.7397042264e-09	-0.00010507850493
1.78431202708e-09	-0.000359438665328
1.82891982776e-09	-0.000496150049003
1.87352762843e-09	-0.000407038769481
1.91813542911e-09	-7.54244474592e-05
1.96274322979e-09	0.000389038366848
2.00735103046e-09	0.000774664738856
2.05195883114e-09	0.000854696329043
2.09656663182e-09	0.000505746440467
2.14117443249e-09	-0.000198688761884
2.18578223317e-09	-0.000977127368969
2.23039003385e-09	-0.0014383711241
2.27499783453e-09	-0.00126335499226
2.3196056352e-09	-0.000392062884202
2.36421343588e-09	0.000883468957909
2.40882123656e-09	0.00199236925982
2.45342903723e-09	0.00232303075609
2.49803683791e-09	0.00153558907914
2.54264463859e-09	-0.000201562035727
2.58725243926e-09	-0.00219297522563
2.63186023994e-09	-0.00347046018578
2.67646804062e-09	-0.00324145716149
2.7210758413e-09	-0.0013337735727
2.76568364197e-09	0.00159773997439
2.81029144265e-09	0.00425558624556
2.85489924333e-09	0.00525033962913
2.899507044e-09	0.00379610346863
2.94411484468e-09	0.000214429226617
2.98872264536e-09	-0.00404669917771
3.03333044603e-09	-0.00696782331215
3.07793824671e-09	-0.0068920647027
3.12254604739e-09	-0.00341650922201
3.16715384806e-09	0.00222226517508
3.21176164874e-09	0.00753861019621
3.25636944942e-09	0.00987337343395
3.3009772501e-09	0.00769988901448
3.34558505077e-09	0.00152813042223
3.39019285145e-09	-0.00610091810813
3.43480065213e-09	-0.011637375108
3.4794084528e-09	-0.0121647125343
3.52401625348e-09	-0.00690658064559
3.56862405416e-09	0.00217077924754
3.61323185483e-09	0.011053643655
3.65783965551e-09	0.01545380475
3.70244745619e-09	0.012878219015
3.74705525687e-09	0.00399533880409
3.79166305754e-09	-0.00743660726584
3.83627085822e-09	-0.0161581588909
3.8808786589e-09	-0.0178454869892
3.92548645957e-09	-0.0112588038901
3.97009426025e-09	0.000969646956946
4.01470206093e-09	0.0133766280487
4.0593098616e-09	0.0201345833484
4.10391766228e-09	0.0178191715386
4.14852546296e-09	0.00714891136158
4.19313326364e-09	-0.00719142676098
4.23774106431e-09	-0.0186333705205
4.28234886499e-09	-0.0217770147137
4.32695666567e-09	-0.0149744921364
4.37156446634e-09	-0.00119165236538
4.41617226702e-09	0.0133028508862
4.4607800677e-09	0.0218341841828
4.50538786837e-09	0.0204446874559
4.54999566905e-09	0.00975887302775
4.59460346973e-09	-0.00530158233596
4.6392112704e-09	-0.0178214760963
4.68381907108e-09	-0.0221186461858
4.72842687176e-09	-0.0163644894492
4.77303467244e-09	-0.00337085177307
4.81764247311e-09	0.0107987791998
4.86225027379e-09	0.0197001476772
4.90685807447e-09	0.0194825339131
4.95146587514e-09	0.0105738042621
4.99607367582e-09	-0.00266890350031
5.0406814765e-09	-0.0141080168542
5.08528927717e-09	-0.0187046884093
5.12989707785e-09	-0.0147613058798
5.17450487853e-09	-0.00451987539418
5.21911267921e-09	0.00707545998739
5.26372047988e-09	0.0147798350081
5.30832828056e-09	0.0154381764587
5.35293608124e-09	0.00926766649354
