% time-domain voltage integration by openEMS v0.37.0-rc2-21-gd59e7e7 @Sun Sep 20 14:40:41 2026
% start-coordinates: (-0.0244648,-0.018,0) m -> [24,54,6]
% stop-coordinates: (-0.0244648,-0.018,-0.0016) m -> [24,54,0]
% t/s	voltage
0	0
4.4607800677e-11	2.34872530314e-06
8.92156013539e-11	3.40277182431e-06
1.33823402031e-10	1.17261119215e-06
1.78431202708e-10	-2.27439417699e-06
2.23039003385e-10	-6.38686981347e-06
2.67646804062e-10	-8.26545567634e-06
3.12254604739e-10	-6.3316485921e-06
3.56862405416e-10	1.04875525153e-07
4.01470206093e-10	9.29325631205e-06
4.4607800677e-10	1.7250321207e-05
4.90685807447e-10	1.85738831533e-05
5.35293608124e-10	9.68997335349e-06
5.79901408801e-10	-8.5082234591e-06
6.24509209478e-10	-2.91743037906e-05
6.69117010155e-10	-4.12644412791e-05
7.13724810832e-10	-3.47657446582e-05
7.58332611509e-10	-5.88273275071e-06
8.02940412185e-10	3.72460649487e-05
8.47548212862e-10	7.57129428166e-05
8.92156013539e-10	8.59931269588e-05
9.36763814216e-10	5.16075524502e-05
9.81371614893e-10	-2.36819359998e-05
1.02597941557e-09	-0.000112496592919
1.07058721625e-09	-0.000169872469996
1.11519501692e-09	-0.000153110719111
1.1598028176e-09	-4.65391481157e-05
1.20441061828e-09	0.000120710861665
1.24901841896e-09	0.00027626434894
1.29362621963e-09	0.000331034261762
1.33823402031e-09	0.000223403325435
1.38284182099e-09	-3.80898477488e-05
1.42744962166e-09	-0.000357966935553
1.47205742234e-09	-0.000580368585361
1.51666522302e-09	-0.000556856997719
1.56127302369e-09	-0.000229603247135
1.60588082437e-09	0.000311338790198
1.65048862505e-09	0.000835671875393
1.69509642572e-09	0.00105956263724
1.7397042264e-09	0.00078452280286
1.78431202708e-09	2.66895681307e-05
1.82891982776e-09	-0.000936609343626
1.87352762843e-09	-0.00164971899358
1.91813542911e-09	-0.00167767827224
1.96274322979e-09	-0.000842627821839
2.00735103046e-09	0.000621146682533
2.05195883114e-09	0.00209619013185
2.09656663182e-09	0.00282075838186
2.14117443249e-09	0.00225743887131
2.18578223317e-09	0.000423054403655
2.23039003385e-09	-0.00200365429919
2.27499783453e-09	-0.00389990888652
2.3196056352e-09	-0.0041933877219
2.36421343588e-09	-0.00242727572913
2.40882123656e-09	0.000886677065864
2.45342903723e-09	0.00435273960466
2.49803683791e-09	0.00624882039847
2.54264463859e-09	0.00535126915202
2.58725243926e-09	0.00164457732171
2.63186023994e-09	-0.00347117488855
2.67646804062e-09	-0.00766452797689
2.7210758413e-09	-0.00870870612562
2.76568364197e-09	-0.00562220695429
2.81029144265e-09	0.000655250558339
2.85489924333e-09	0.00746404059464
2.899507044e-09	0.0115231731907
2.94411484468e-09	0.0104883774184
2.98872264536e-09	0.00423931778641
3.03333044603e-09	-0.00478935847059
3.07793824671e-09	-0.0125157248694
3.12254604739e-09	-0.0150442509912
3.16715384806e-09	-0.0106078038225
3.21176164874e-09	-0.000657297758153
3.25636944942e-09	0.0105330330553
3.3009772501e-09	0.0176931724418
3.34558505077e-09	0.0170424182434
3.39019285145e-09	0.00825845979853
3.43480065213e-09	-0.00508782145334
3.4794084528e-09	-0.0169684942812
3.52401625348e-09	-0.0216394544113
3.56862405416e-09	-0.0164320362965
3.61323185483e-09	-0.00323037675116
3.65783965551e-09	0.0121692680987
3.70244745619e-09	0.0226268582046
3.74705525687e-09	0.0230070857797
3.79166305754e-09	0.0127197965048
3.83627085822e-09	-0.00381452750298
3.8808786589e-09	-0.0190830088686
3.92548645957e-09	-0.0259427672718
3.97009426025e-09	-0.0210097176023
4.01470206093e-09	-0.00634348165477
4.0593098616e-09	0.0114181141835
4.10391766228e-09	0.0241104438901
4.14852546296e-09	0.0258546494879
4.19313326364e-09	0.0158240065211
4.23774106431e-09	-0.00135796118411
4.28234886499e-09	-0.017782204086
4.32695666567e-09	-0.0259526630398
4.37156446634e-09	-0.0222622069996
4.41617226702e-09	-0.00860904855654
4.4607800677e-09	0.00858092051931
4.50538786837e-09	0.0214206138626
4.54999566905e-09	0.0242333002388
4.59460346973e-09	0.0160961934598
4.6392112704e-09	0.00110102149483
4.68381907108e-09	-0.0137116942788
4.72842687176e-09	-0.0216963847633
4.77303467244e-09	-0.0196176804602
4.81764247311e-09	-0.00895414547995
4.86225027379e-09	0.00502796226647
4.90685807447e-09	0.0158845032565
4.95146587514e-09	0.0189868616872
4.99607367582e-09	0.0134979634313
5.0406814765e-09	0.00248795890366
5.08528927717e-09	-0.00873537431471
5.12989707785e-09	-0.0151883842191
5.17450487853e-09	-0.0144258673536
5.21911267921e-09	-0.00742494943552
5.26372047988e-09	0.00215352055966
5.30832828056e-09	0.00984890153632
5.35293608124e-09	0.0124696575804
