% time-domain voltage integration by openEMS v0.37.0-rc2-21-gd59e7e7 @Sun Sep 20 14:40:41 2026
% start-coordinates: (-0.0258486,-0.018,0) m -> [22,54,6]
% stop-coordinates: (-0.0258486,-0.018,-0.0016) m -> [22,54,0]
% t/s	voltage
0	0
4.4607800677e-11	3.00021429211e-06
8.92156013539e-11	3.37321642974e-06
1.33823402031e-10	4.91634963851e-07
1.78431202708e-10	-3.23116830714e-06
2.23039003385e-10	-7.04933040652e-06
2.67646804062e-10	-8.31074271446e-06
3.12254604739e-10	-5.32116672503e-06
3.56862405416e-10	1.73494196076e-06
4.01470206093e-10	1.12959070293e-05
4.4607800677e-10	1.82635480996e-05
4.90685807447e-10	1.7651555936e-05
5.35293608124e-10	6.5501503741e-06
5.79901408801e-10	-1.30550789663e-05
6.24509209478e-10	-3.29655899804e-05
6.69117010155e-10	-4.18665226789e-05
7.13724810832e-10	-3.05635046516e-05
7.58332611509e-10	2.47878537607e-06
8.02940412185e-10	4.6722811021e-05
8.47548212862e-10	8.11825011624e-05
8.92156013539e-10	8.29459213492e-05
9.36763814216e-10	3.86335864277e-05
9.81371614893e-10	-4.27448899245e-05
1.02597941557e-09	-0.000129238196678
1.07058721625e-09	-0.000174088283529
1.11519501692e-09	-0.000138235176564
1.1598028176e-09	-1.4458911437e-05
1.20441061828e-09	0.000157886735906
1.24901841896e-09	0.000299739269394
1.29362621963e-09	0.000323559735989
1.33823402031e-09	0.000179487173227
1.38284182099e-09	-0.000105658064967
1.42744962166e-09	-0.000419590407546
1.47205742234e-09	-0.000601022300543
1.51666522302e-09	-0.000513502414833
1.56127302369e-09	-0.000127415054521
1.60588082437e-09	0.000433910197899
1.65048862505e-09	0.000918706566154
1.69509642572e-09	0.00104827548785
1.7397042264e-09	0.000660267673084
1.78431202708e-09	-0.000173710337549
1.82891982776e-09	-0.00112659907609
1.87352762843e-09	-0.00172683093115
1.91813542911e-09	-0.00157440893236
1.96274322979e-09	-0.000570586307731
2.00735103046e-09	0.000959026045166
2.05195883114e-09	0.00233920477331
2.09656663182e-09	0.00282231604797
2.14117443249e-09	0.001965122603
2.18578223317e-09	-7.40728783057e-05
2.23039003385e-09	-0.00249224767322
2.27499783453e-09	-0.00412838338525
2.3196056352e-09	-0.00399488306721
2.36421343588e-09	-0.00182241217408
2.40882123656e-09	0.00166569593421
2.45342903723e-09	0.00494309689384
2.49803683791e-09	0.00632025382947
2.54264463859e-09	0.00478065112839
2.58725243926e-09	0.000613185788097
2.63186023994e-09	-0.00452072947519
2.67646804062e-09	-0.00821193237789
2.7210758413e-09	-0.0084074147162
2.76568364197e-09	-0.00449985818705
2.81029144265e-09	0.0021576245199
2.85489924333e-09	0.00865668640472
2.899507044e-09	0.0117798970314
2.94411484468e-09	0.009567262372
2.98872264536e-09	0.00245038993307
3.03333044603e-09	-0.00667303003138
3.07793824671e-09	-0.0135884081246
3.12254604739e-09	-0.0147005257895
3.16715384806e-09	-0.0088721140055
3.21176164874e-09	0.00176566770824
3.25636944942e-09	0.0125394616043
3.3009772501e-09	0.0182839117479
3.34558505077e-09	0.0158193064854
3.39019285145e-09	0.00566637859447
3.43480065213e-09	-0.00791267264867
3.4794084528e-09	-0.0186992406379
3.52401625348e-09	-0.0213865668047
3.56862405416e-09	-0.0141991558485
3.61323185483e-09	3.58074898941e-05
3.65783965551e-09	0.01498252491
3.70244745619e-09	0.0236459802836
3.74705525687e-09	0.0216821962968
3.79166305754e-09	0.00958580884617
3.83627085822e-09	-0.00735338404775
3.8808786589e-09	-0.0213916811626
3.92548645957e-09	-0.0259221680462
3.97009426025e-09	-0.0186269583646
4.01470206093e-09	-0.00266665784875
4.0593098616e-09	0.0147066114005
4.10391766228e-09	0.0254964190535
4.14852546296e-09	0.0247007939033
4.19313326364e-09	0.0126677538501
4.23774106431e-09	-0.00505894515663
4.28234886499e-09	-0.0203343257308
4.32695666567e-09	-0.0262141502462
4.37156446634e-09	-0.0201619006693
4.41617226702e-09	-0.00515727733728
4.4607800677e-09	0.0117846815847
4.50538786837e-09	0.0229398580268
4.54999566905e-09	0.0234478504863
4.59460346973e-09	0.0134553248063
4.6392112704e-09	-0.00212616415229
4.68381907108e-09	-0.0160523540108
4.72842687176e-09	-0.0221539721824
4.77303467244e-09	-0.0180986048654
4.81764247311e-09	-0.0062576411874
4.86225027379e-09	0.00762680242769
4.90685807447e-09	0.0172418132424
4.95146587514e-09	0.018595936941
4.99607367582e-09	0.0116694811732
5.0406814765e-09	0.000146469415995
5.08528927717e-09	-0.0105163039407
5.12989707785e-09	-0.0156788844615
5.17450487853e-09	-0.0135342775611
5.21911267921e-09	-0.00567813694943
5.26372047988e-09	0.00390542071545
5.30832828056e-09	0.0108427493833
5.35293608124e-09	0.0123581549851
