% time-domain voltage integration by openEMS v0.37.0-rc2-21-gd59e7e7 @Sat Sep 19 15:12:28 2026
% start-coordinates: (0,-0.00925,3.5e-05) m -> [26,33,23]
% stop-coordinates: (0,-0.00925,-0.0016) m -> [26,33,21]
% t/s	voltage
0	0
4.16183627198e-11	0
8.32367254395e-11	3.65133168333e-23
1.24855088159e-10	-7.71641562174e-16
1.66473450879e-10	-5.12524376238e-13
2.08091813599e-10	1.18722187029e-12
2.49710176319e-10	3.89819470106e-12
2.91328539038e-10	1.51273720113e-12
3.32946901758e-10	-6.73066723883e-12
3.74565264478e-10	-2.47900849154e-11
4.16183627198e-10	-3.2362793001e-11
4.57801989917e-10	-2.61733568846e-11
4.99420352637e-10	-4.16682920806e-12
5.41038715357e-10	6.43619393892e-11
5.82657078077e-10	1.11858577956e-10
6.24275440797e-10	1.3887102579e-10
6.65893803516e-10	8.55880089023e-11
7.07512166236e-10	-4.13970906166e-11
7.49130528956e-10	-2.0634728648e-10
7.90748891676e-10	-3.91742166483e-10
8.32367254395e-10	-4.25081997379e-10
8.73985617115e-10	-2.50004156266e-10
9.15603979835e-10	1.56014021147e-10
9.57222342555e-10	6.94251711675e-10
9.98840705274e-10	1.14930875927e-09
1.04045906799e-09	1.19824927758e-09
1.08207743071e-09	6.33023133911e-10
1.12369579343e-09	-5.49148948537e-10
1.16531415615e-09	-2.01180050396e-09
1.20693251887e-09	-3.08445891051e-09
1.24855088159e-09	-3.01310953965e-09
1.29016924431e-09	-1.36863498312e-09
1.33178760703e-09	1.69137870376e-09
1.37340596975e-09	5.12640463413e-09
1.41502433247e-09	7.35334149127e-09
1.45664269519e-09	6.77381084557e-09
1.49826105791e-09	2.60590260481e-09
1.53987942063e-09	-4.34434932473e-09
1.58149778335e-09	-1.15957519142e-08
1.62311614607e-09	-1.56633337411e-08
1.66473450879e-09	-1.35541613488e-08
1.70635287151e-09	-4.34262137361e-09
1.74797123423e-09	9.66882396369e-09
1.78958959695e-09	2.31901982062e-08
1.83120795967e-09	2.96885929174e-08
1.87282632239e-09	2.42663649175e-08
1.91444468511e-09	6.43336672823e-09
1.95606304783e-09	-1.86044459838e-08
1.99768141055e-09	-4.1069196044e-08
2.03929977327e-09	-5.01969772415e-08
2.08091813599e-09	-3.91174417302e-08
2.12253649871e-09	-8.77366979068e-09
2.16415486143e-09	3.10076906374e-08
2.20577322415e-09	6.44428865826e-08
2.24739158687e-09	7.59532738925e-08
2.28900994959e-09	5.71691636253e-08
2.33062831231e-09	1.17494840524e-08
2.37224667503e-09	-4.46270398413e-08
2.41386503775e-09	-8.96380498716e-08
2.45548340047e-09	-1.03249064409e-07
2.49710176319e-09	-7.6561725848e-08
2.53872012591e-09	-1.66648366218e-08
2.58033848863e-09	5.50240528696e-08
2.62195685135e-09	1.10623183502e-07
2.66357521407e-09	1.26954716961e-07
2.70519357678e-09	9.52641343588e-08
2.7468119395e-09	2.54749217277e-08
2.78843030222e-09	-5.71207827704e-08
2.83004866494e-09	-1.2142258754e-07
2.87166702766e-09	-1.42611810361e-07
2.91328539038e-09	-1.11827674232e-07
2.9549037531e-09	-3.96571593342e-08
2.99652211582e-09	4.78722235187e-08
3.03814047854e-09	1.1909804698e-07
3.07975884126e-09	1.48437734993e-07
3.12137720398e-09	1.25559893149e-07
3.1629955667e-09	5.87662114526e-08
3.20461392942e-09	-2.8311927025e-08
3.24623229214e-09	-1.0532114203e-07
3.28785065486e-09	-1.45801038798e-07
3.32946901758e-09	-1.36145132501e-07
3.3710873803e-09	-7.99627528636e-08
3.41270574302e-09	3.35183658606e-09
3.45432410574e-09	8.53017709801e-08
3.49594246846e-09	1.37920892485e-07
3.53756083118e-09	1.4317858188e-07
3.5791791939e-09	9.91440884945e-08
3.62079755662e-09	2.07980193068e-08
3.66241591934e-09	-6.48644373769e-08
3.70403428206e-09	-1.27981479636e-07
3.74565264478e-09	-1.46257860933e-07
3.7872710075e-09	-1.1293246871e-07
3.82888937022e-09	-3.95338481951e-08
3.87050773294e-09	4.78931561076e-08
3.91212609566e-09	1.17988804504e-07
3.95374445838e-09	1.45372723637e-07
