% time-domain current integration by openEMS v0.37.0-rc2-21-gd59e7e7 @Sat Sep 19 15:12:28 2026
% start-coordinates: (-0.025,-0.0207802,0) m -> [6,16,22]
% stop-coordinates: (-0.025,-0.01655,3.5e-05) m -> [6,21,23]
% t/s	current
4.718635229e-14	0
4.16655490721e-11	4.07191167178e-14
8.32839117918e-11	1.48199866008e-13
1.24902274512e-10	-3.09508251277e-13
1.66520637231e-10	-1.01966655605e-12
2.08138999951e-10	-1.64351735346e-12
2.49757362671e-10	-1.77838473114e-12
2.91375725391e-10	-6.41963045223e-13
3.3299408811e-10	1.35771114403e-12
3.7461245083e-10	3.93859988027e-12
4.1623081355e-10	5.93613916702e-12
4.5784917627e-10	5.74074381782e-12
4.99467538989e-10	1.99727257302e-12
5.41085901709e-10	-5.10303084511e-12
5.82704264429e-10	-1.3591723233e-11
6.24322627149e-10	-1.92813508215e-11
6.65940989869e-10	-1.72843787893e-11
7.07559352588e-10	-4.55982560738e-12
7.49177715308e-10	1.75407067343e-11
7.90796078028e-10	4.16220252708e-11
8.32414440748e-10	5.54365373051e-11
8.74032803467e-10	4.62741789331e-11
9.15651166187e-10	7.98373867017e-12
9.57269528907e-10	-5.24884788411e-11
9.98887891627e-10	-1.13028544857e-10
1.04050625435e-09	-1.41521655506e-10
1.08212461707e-09	-1.09361047995e-10
1.12374297979e-09	-7.81679408701e-12
1.16536134251e-09	1.38692099472e-10
1.20697970523e-09	2.72721234484e-10
1.24859806795e-09	3.21374926671e-10
1.29021643067e-09	2.28790195123e-10
1.33183479338e-09	-8.90237102785e-12
1.3734531561e-09	-3.23410020986e-10
1.41507151882e-09	-5.8502835909e-10
1.45668988154e-09	-6.48924580737e-10
1.49830824426e-09	-4.23297452645e-10
1.53992660698e-09	6.86008888584e-11
1.5815449697e-09	6.66874888644e-10
1.62316333242e-09	1.11615261478e-09
1.66478169514e-09	1.16550757934e-09
1.70640005786e-09	6.91873669467e-10
1.74801842058e-09	-2.08977071758e-10
1.7896367833e-09	-1.21774079709e-09
1.83125514602e-09	-1.89451609955e-09
1.87287350874e-09	-1.86223003684e-09
1.91449187146e-09	-9.97265603431e-10
1.95611023418e-09	4.64245530907e-10
1.9977285969e-09	1.97184180095e-09
2.03934695962e-09	2.86247536785e-09
2.08096532234e-09	2.6479758386e-09
2.12258368506e-09	1.26481514151e-09
2.16420204778e-09	-8.37840685719e-10
2.2058204105e-09	-2.83496714992e-09
2.24743877322e-09	-3.8522083301e-09
2.28905713594e-09	-3.35187722023e-09
2.33067549866e-09	-1.40633504842e-09
2.37229386138e-09	1.27877863854e-09
2.4139122241e-09	3.6235530132e-09
2.45553058682e-09	4.62038185489e-09
2.49714894954e-09	3.77792286343e-09
2.53876731226e-09	1.36209310497e-09
2.58038567498e-09	-1.68453806459e-09
2.6220040377e-09	-4.12367384683e-09
2.66362240042e-09	-4.94284702057e-09
2.70524076314e-09	-3.79107323312e-09
2.74685912586e-09	-1.13405751456e-09
2.78847748858e-09	1.94085836291e-09
2.8300958513e-09	4.18647516653e-09
2.87171421402e-09	4.72008121477e-09
2.91333257674e-09	3.38341088479e-09
2.95495093946e-09	7.85860876373e-10
2.99656930218e-09	-1.97809590929e-09
3.0381876649e-09	-3.8027048177e-09
3.07980602762e-09	-4.0267917889e-09
3.12142439033e-09	-2.67689026501e-09
3.16304275305e-09	-4.09008382718e-10
3.20466111577e-09	1.80639569969e-09
3.24627947849e-09	3.10559578054e-09
3.28789784121e-09	3.0719207178e-09
3.32951620393e-09	1.86140791669e-09
3.37113456665e-09	8.11796047051e-11
3.41275292937e-09	-1.50445345071e-09
3.45437129209e-09	-2.30001373502e-09
3.49598965481e-09	-2.09770378845e-09
3.53760801753e-09	-1.11262643543e-09
3.57922638025e-09	1.58136434503e-10
3.62084474297e-09	1.17295906321e-09
3.66246310569e-09	1.56952606467e-09
3.70408146841e-09	1.28433830238e-09
3.74569983113e-09	5.35556154979e-10
3.78731819385e-09	-3.05744041196e-10
3.82893655657e-09	-8.87573625707e-10
3.87055491929e-09	-1.01556074661e-09
3.91217328201e-09	-7.07650160692e-10
3.95379164473e-09	-1.55237128707e-10
