% time-domain voltage integration by openEMS v0.37.0-rc2-21-gd59e7e7 @Sat Sep 19 15:12:28 2026
% start-coordinates: (-0.02375,-0.0183298,3.5e-05) m -> [7,18,23]
% stop-coordinates: (-0.02375,-0.0183298,-0.0016) m -> [7,18,21]
% t/s	voltage
0	0
4.16183627198e-11	1.2981542924e-12
8.32367254395e-11	4.81629250371e-11
1.24855088159e-10	-2.31321385658e-11
1.66473450879e-10	-1.06409020484e-10
2.08091813599e-10	-1.92023785761e-10
2.49710176319e-10	-1.96971980393e-10
2.91328539038e-10	-1.15777609722e-10
3.32946901758e-10	1.44676340352e-10
3.74565264478e-10	4.93039109539e-10
4.16183627198e-10	6.55804910377e-10
4.57801989917e-10	6.64177601806e-10
4.99420352637e-10	3.17995435539e-10
5.41038715357e-10	-5.03362851401e-10
5.82657078077e-10	-1.52847901003e-09
6.24275440797e-10	-2.20174900534e-09
6.65893803516e-10	-1.99964289571e-09
7.07512166236e-10	-6.11750428092e-10
7.49130528956e-10	1.86386173162e-09
7.90748891676e-10	4.61185623024e-09
8.32367254395e-10	6.29627239235e-09
8.73985617115e-10	5.35399280466e-09
9.15603979835e-10	1.09420517092e-09
9.57222342555e-10	-5.70909231001e-09
9.98840705274e-10	-1.26045822668e-08
1.04045906799e-09	-1.59714357295e-08
1.08207743071e-09	-1.25354064906e-08
1.12369579343e-09	-1.23745280689e-09
1.16531415615e-09	1.52654706653e-08
1.20693251887e-09	3.04880352076e-08
1.24855088159e-09	3.61365444235e-08
1.29016924431e-09	2.59152574955e-08
1.33178760703e-09	-6.50085596465e-10
1.37340596975e-09	-3.58904088671e-08
1.41502433247e-09	-6.52350706787e-08
1.45664269519e-09	-7.23993949237e-08
1.49826105791e-09	-4.71051428974e-08
1.53987942063e-09	7.85704212802e-09
1.58149778335e-09	7.43496499922e-08
1.62311614607e-09	1.23794322349e-07
1.66473450879e-09	1.28402376731e-07
1.70635287151e-09	7.4977194231e-08
1.74797123423e-09	-2.51029508291e-08
1.78958959695e-09	-1.35756494046e-07
1.83120795967e-09	-2.0816345625e-07
1.87282632239e-09	-2.01529971378e-07
1.91444468511e-09	-1.03967671805e-07
1.95606304783e-09	5.66344873221e-08
1.99768141055e-09	2.18665334728e-07
2.03929977327e-09	3.09973728463e-07
2.08091813599e-09	2.79698525674e-07
2.12253649871e-09	1.24758031461e-07
2.16415486143e-09	-1.02391908285e-07
2.20577322415e-09	-3.10916618673e-07
2.24739158687e-09	-4.0851782046e-07
2.28900994959e-09	-3.42665657627e-07
2.33062831231e-09	-1.27990318788e-07
2.37224667503e-09	1.54869439939e-07
2.41386503775e-09	3.90221202906e-07
2.45548340047e-09	4.7613579568e-07
2.49710176319e-09	3.70069102473e-07
2.53872012591e-09	1.09879081833e-07
2.58033848863e-09	-1.99935442424e-07
2.62195685135e-09	-4.31992418726e-07
2.66357521407e-09	-4.90322008773e-07
2.70519357678e-09	-3.51889895001e-07
2.7468119395e-09	-7.59393685712e-08
2.78843030222e-09	2.22148614171e-07
2.83004866494e-09	4.21241708182e-07
2.87166702766e-09	4.45526040949e-07
2.91328539038e-09	2.94299383086e-07
2.9549037531e-09	3.8700878946e-08
2.99652211582e-09	-2.12604348349e-07
3.03814047854e-09	-3.60672316901e-07
3.07975884126e-09	-3.56580414973e-07
3.12137720398e-09	-2.17099014321e-07
3.1629955667e-09	-1.1054384963e-08
3.20461392942e-09	1.73940534864e-07
3.24623229214e-09	2.69421263965e-07
3.28785065486e-09	2.51108275506e-07
3.32946901758e-09	1.42953211935e-07
3.3710873803e-09	-9.13697867366e-11
3.41270574302e-09	-1.1853365578e-07
3.45432410574e-09	-1.72842916868e-07
3.49594246846e-09	-1.55412848812e-07
3.53756083118e-09	-8.71861800533e-08
3.5791791939e-09	-3.77946696162e-09
3.62079755662e-09	6.19128925905e-08
3.66241591934e-09	9.15142450708e-08
3.70403428206e-09	8.45451992859e-08
3.74565264478e-09	5.36333146783e-08
3.7872710075e-09	1.5736400627e-08
3.82888937022e-09	-1.57799213696e-08
3.87050773294e-09	-3.45563826443e-08
3.91212609566e-09	-4.0694221326e-08
3.95374445838e-09	-3.75684336973e-08
