% time-domain voltage integration by openEMS v0.37.0-rc2-21-gd59e7e7 @Sat Sep 19 15:12:28 2026
% start-coordinates: (0.025,-0.0183298,3.5e-05) m -> [41,18,23]
% stop-coordinates: (0.025,-0.0183298,-0.0016) m -> [41,18,21]
% t/s	voltage
0	0
4.16183627198e-11	0
8.32367254395e-11	0
1.24855088159e-10	0
1.66473450879e-10	7.28146575274e-21
2.08091813599e-10	5.96513635741e-16
2.49710176319e-10	1.58551882561e-13
2.91328539038e-10	-2.04132754943e-14
3.32946901758e-10	1.81437980959e-12
3.74565264478e-10	1.23413371536e-11
4.16183627198e-10	1.51522006747e-11
4.57801989917e-10	-5.89974041842e-11
4.99420352637e-10	-1.250790721e-10
5.41038715357e-10	-1.68388844535e-10
5.82657078077e-10	-1.34908056948e-10
6.24275440797e-10	7.93812671845e-12
6.65893803516e-10	2.42868863909e-10
7.07512166236e-10	4.80868345143e-10
7.49130528956e-10	5.95019533645e-10
7.90748891676e-10	4.21905760328e-10
8.32367254395e-10	-1.006426123e-10
8.73985617115e-10	-8.85095108316e-10
9.15603979835e-10	-1.62449664831e-09
9.57222342555e-10	-1.86467707941e-09
9.98840705274e-10	-1.19948484478e-09
1.04045906799e-09	5.03687147546e-10
1.08207743071e-09	2.84186985056e-09
1.12369579343e-09	4.84472284512e-09
1.16531415615e-09	5.22800291947e-09
1.20693251887e-09	2.99118196878e-09
1.24855088159e-09	-1.92369231655e-09
1.29016924431e-09	-8.1001898522e-09
1.33178760703e-09	-1.2815452699e-08
1.37340596975e-09	-1.2928249582e-08
1.41502433247e-09	-6.41404662716e-09
1.45664269519e-09	6.06138961246e-09
1.49826105791e-09	2.04428349804e-08
1.53987942063e-09	3.00939753117e-08
1.58149778335e-09	2.83239298682e-08
1.62311614607e-09	1.18793819226e-08
1.66473450879e-09	-1.61484727812e-08
1.70635287151e-09	-4.57291697842e-08
1.74797123423e-09	-6.27721945534e-08
1.78958959695e-09	-5.49763825575e-08
1.83120795967e-09	-1.86317095086e-08
1.87282632239e-09	3.70167114738e-08
1.91444468511e-09	9.06771120412e-08
1.95606304783e-09	1.16259720073e-07
1.99768141055e-09	9.44779472434e-08
2.03929977327e-09	2.39624853293e-08
2.08091813599e-09	-7.37667917861e-08
2.12253649871e-09	-1.5946865517e-07
2.16415486143e-09	-1.91158832763e-07
2.20577322415e-09	-1.43544596654e-07
2.24739158687e-09	-2.32503563069e-08
2.28900994959e-09	1.28414214373e-07
2.33062831231e-09	2.48659944191e-07
2.37224667503e-09	2.78925313069e-07
2.41386503775e-09	1.92606208316e-07
2.45548340047e-09	1.1853154902e-08
2.49710176319e-09	-1.96057698076e-07
2.53872012591e-09	-3.43739685604e-07
2.58033848863e-09	-3.6091952893e-07
2.62195685135e-09	-2.27776027373e-07
2.66357521407e-09	1.15088454322e-08
2.70519357678e-09	2.63018392843e-07
2.7468119395e-09	4.21013112373e-07
2.78843030222e-09	4.1375247406e-07
2.83004866494e-09	2.36739737147e-07
2.87166702766e-09	-4.22956318857e-08
2.91328539038e-09	-3.10237084022e-07
2.9549037531e-09	-4.56238439028e-07
2.99652211582e-09	-4.194147607e-07
3.03814047854e-09	-2.15272564219e-07
3.07975884126e-09	7.10204943744e-08
3.12137720398e-09	3.21596900221e-07
3.1629955667e-09	4.36372204149e-07
3.20461392942e-09	3.74638375433e-07
3.24623229214e-09	1.69883932699e-07
3.28785065486e-09	-8.77484751527e-08
3.32946901758e-09	-2.92195466045e-07
3.3710873803e-09	-3.66572805888e-07
3.41270574302e-09	-2.92855645512e-07
3.45432410574e-09	-1.14407541218e-07
3.49594246846e-09	8.75786554388e-08
3.53756083118e-09	2.31243987514e-07
3.5791791939e-09	2.67746514737e-07
3.62079755662e-09	1.97371363697e-07
3.66241591934e-09	6.31129211115e-08
3.70403428206e-09	-7.27710300907e-08
3.74565264478e-09	-1.57068853923e-07
3.7872710075e-09	-1.66047612993e-07
3.82888937022e-09	-1.10379502871e-07
3.87050773294e-09	-2.48131399871e-08
3.91212609566e-09	5.05753554592e-08
3.95374445838e-09	8.81089832205e-08
