% time-domain current integration by openEMS v0.37.0-rc2-21-gd59e7e7 @Sat Sep 19 15:12:28 2026
% start-coordinates: (-0.0263653,-0.0207802,0) m -> [5,16,22]
% stop-coordinates: (-0.0263653,-0.01655,3.5e-05) m -> [5,21,23]
% t/s	current
4.718635229e-14	0
4.16655490721e-11	1.38492326331e-13
8.32839117918e-11	4.37969701738e-14
1.24902274512e-10	-4.67097226783e-13
1.66520637231e-10	-1.20645995364e-12
2.08138999951e-10	-1.73812906342e-12
2.49757362671e-10	-1.7105231077e-12
2.91375725391e-10	-2.99623498755e-13
3.3299408811e-10	1.9105164499e-12
3.7461245083e-10	4.5386862671e-12
4.1623081355e-10	6.20481574107e-12
4.5784917627e-10	5.38120936699e-12
4.99467538989e-10	8.08601883368e-13
5.41085901709e-10	-6.95819140153e-12
5.82704264429e-10	-1.54345928399e-11
6.24322627149e-10	-1.9992993372e-11
6.65940989869e-10	-1.58760712909e-11
7.07559352588e-10	-6.59363460099e-13
7.49177715308e-10	2.30514912714e-11
7.90796078028e-10	4.65210925338e-11
8.32414440748e-10	5.67401958751e-11
8.74032803467e-10	4.15020934286e-11
9.15651166187e-10	-3.13478821894e-12
9.57269528907e-10	-6.69492100647e-11
9.98887891627e-10	-1.24577209659e-10
1.04050625435e-09	-1.42840073103e-10
1.08212461707e-09	-9.55260315294e-11
1.12374297979e-09	2.01345450729e-11
1.16536134251e-09	1.71937714066e-10
1.20697970523e-09	2.96328628302e-10
1.24859806795e-09	3.1983765636e-10
1.29021643067e-09	1.94009322496e-10
1.33183479338e-09	-7.09439659796e-11
1.3734531561e-09	-3.90995402721e-10
1.41507151882e-09	-6.26758200895e-10
1.45668988154e-09	-6.36641961371e-10
1.49830824426e-09	-3.47099737841e-10
1.53992660698e-09	1.90107124487e-10
1.5815449697e-09	7.87895637622e-10
1.62316333242e-09	1.17929588317e-09
1.66478169514e-09	1.12685882847e-09
1.70640005786e-09	5.45652412143e-10
1.74801842058e-09	-4.18944656744e-10
1.7896367833e-09	-1.40817613126e-09
1.83125514602e-09	-1.9743255919e-09
1.87287350874e-09	-1.77412506908e-09
1.91449187146e-09	-7.51130602161e-10
1.95611023418e-09	7.84301290579e-10
1.9977285969e-09	2.23448237691e-09
2.03934695962e-09	2.94271673695e-09
2.08096532234e-09	2.48568099437e-09
2.12258368506e-09	9.00873819987e-10
2.16420204778e-09	-1.26771870779e-09
2.2058204105e-09	-3.1511087073e-09
2.24743877322e-09	-3.90750809487e-09
2.28905713594e-09	-3.10077030719e-09
2.33067549866e-09	-9.33448651708e-10
2.37229386138e-09	1.78667569628e-09
2.4139122241e-09	3.95365162831e-09
2.45553058682e-09	4.62603155782e-09
2.49714894954e-09	3.44567507859e-09
2.53876731226e-09	8.22170498349e-10
2.58038567498e-09	-2.21133888978e-09
2.6220040377e-09	-4.41979075561e-09
2.66362240042e-09	-4.88759832606e-09
2.70524076314e-09	-3.41197203824e-09
2.74685912586e-09	-5.93148641315e-10
2.78847748858e-09	2.418883982e-09
2.8300958513e-09	4.41115677319e-09
2.87171421402e-09	4.61417792863e-09
2.91333257674e-09	3.00948443943e-09
2.95495093946e-09	3.11944220455e-10
2.99656930218e-09	-2.35569252993e-09
3.0381876649e-09	-3.94318133701e-09
3.07980602762e-09	-3.89824927893e-09
3.12142439033e-09	-2.3588833109e-09
3.16304275305e-09	-4.82421359804e-11
3.20466111577e-09	2.06405026404e-09
3.24627947849e-09	3.17458903609e-09
3.28789784121e-09	2.95371216374e-09
3.32951620393e-09	1.63126545605e-09
3.37113456665e-09	-1.54049356604e-10
3.41275292937e-09	-1.6545703696e-09
3.45437129209e-09	-2.32501840003e-09
3.49598965481e-09	-2.01426142432e-09
3.53760801753e-09	-9.76016711896e-10
3.57922638025e-09	2.84834988928e-10
3.62084474297e-09	1.24612098418e-09
3.66246310569e-09	1.57755630781e-09
3.70408146841e-09	1.24408083835e-09
3.74569983113e-09	4.77072603644e-10
3.78731819385e-09	-3.55827367571e-10
3.82893655657e-09	-9.16315412436e-10
3.87055491929e-09	-1.02426822579e-09
3.91217328201e-09	-7.05314862071e-10
3.95379164473e-09	-1.50225637485e-10
