% time-domain voltage integration by openEMS v0.37.0-rc2-21-gd59e7e7 @Sat Sep 19 15:12:28 2026
% start-coordinates: (0,-0.010729,3.5e-05) m -> [26,32,23]
% stop-coordinates: (0,-0.010729,-0.0016) m -> [26,32,21]
% t/s	voltage
0	0
4.16183627198e-11	0
8.32367254395e-11	1.35716831727e-21
1.24855088159e-10	-1.099839883e-15
1.66473450879e-10	-3.6969396728e-13
2.08091813599e-10	7.81430584303e-13
2.49710176319e-10	5.45064644461e-12
2.91328539038e-10	-3.27257101626e-12
3.32946901758e-10	-1.58391876004e-11
3.74565264478e-10	-3.03321187611e-11
4.16183627198e-10	-3.21774135115e-11
4.57801989917e-10	-1.19025093601e-11
4.99420352637e-10	2.12157097446e-11
5.41038715357e-10	9.51418804851e-11
5.82657078077e-10	1.51883658428e-10
6.24275440797e-10	1.54207174807e-10
6.65893803516e-10	6.58807730591e-11
7.07512166236e-10	-1.27693883245e-10
7.49130528956e-10	-3.18081200268e-10
7.90748891676e-10	-4.82631434817e-10
8.32367254395e-10	-4.71110706002e-10
8.73985617115e-10	-1.81153925194e-10
9.15603979835e-10	3.6608086007e-10
9.57222342555e-10	1.0055055677e-09
9.98840705274e-10	1.45669298846e-09
1.04045906799e-09	1.3160539325e-09
1.08207743071e-09	4.09264955259e-10
1.12369579343e-09	-1.18027332352e-09
1.16531415615e-09	-2.87979484703e-09
1.20693251887e-09	-3.8424170512e-09
1.24855088159e-09	-3.23187854256e-09
1.29016924431e-09	-7.00011049126e-10
1.33178760703e-09	3.27911231501e-09
1.37340596975e-09	7.20891568662e-09
1.41502433247e-09	9.04606434204e-09
1.45664269519e-09	7.07756031559e-09
1.49826105791e-09	8.75137518008e-10
1.53987942063e-09	-7.96862131835e-09
1.58149778335e-09	-1.59953330581e-08
1.62311614607e-09	-1.89515834137e-08
1.66473450879e-09	-1.37985294302e-08
1.70635287151e-09	-4.93001639512e-10
1.74797123423e-09	1.69860214783e-08
1.78958959695e-09	3.14909307519e-08
1.83120795967e-09	3.5350780081e-08
1.87282632239e-09	2.39839366145e-08
1.91444468511e-09	-1.13354714504e-09
1.95606304783e-09	-3.17001287442e-08
1.99768141055e-09	-5.49611911538e-08
2.03929977327e-09	-5.87648898431e-08
2.08091813599e-09	-3.74266306835e-08
2.12253649871e-09	4.37756364491e-09
2.16415486143e-09	5.1842501847e-08
2.20577322415e-09	8.50577706046e-08
2.24739158687e-09	8.72562964105e-08
2.28900994959e-09	5.28197929839e-08
2.33062831231e-09	-8.53291659553e-09
2.37224667503e-09	-7.41103391988e-08
2.41386503775e-09	-1.16714083731e-07
2.45548340047e-09	-1.16045775655e-07
2.49710176319e-09	-6.81946517034e-08
2.53872012591e-09	1.12066089741e-08
2.58033848863e-09	9.21538898524e-08
2.62195685135e-09	1.419894744e-07
2.66357521407e-09	1.38991907761e-07
2.70519357678e-09	8.18969354555e-08
2.7468119395e-09	-8.83734152524e-09
2.78843030222e-09	-9.87960788734e-08
2.83004866494e-09	-1.53285029114e-07
2.87166702766e-09	-1.5118187946e-07
2.91328539038e-09	-9.32362951289e-08
2.9549037531e-09	-1.50183010472e-09
2.99652211582e-09	8.97011815937e-08
3.03814047854e-09	1.47169245679e-07
3.07975884126e-09	1.51263364501e-07
3.12137720398e-09	1.0245217652e-07
3.1629955667e-09	2.00172234344e-08
3.20461392942e-09	-6.60505463657e-08
3.24623229214e-09	-1.26276859191e-07
3.28785065486e-09	-1.41798537356e-07
3.32946901758e-09	-1.09873163012e-07
3.3710873803e-09	-4.34385469816e-08
3.41270574302e-09	3.42366917039e-08
3.45432410574e-09	9.77532934598e-08
3.49594246846e-09	1.2749339362e-07
3.53756083118e-09	1.15350239582e-07
3.5791791939e-09	6.65321309157e-08
3.62079755662e-09	-2.53572696174e-09
3.66241591934e-09	-6.94201887086e-08
3.70403428206e-09	-1.12655612838e-07
3.74565264478e-09	-1.1834785596e-07
3.7872710075e-09	-8.47016039529e-08
3.82888937022e-09	-2.28725234308e-08
3.87050773294e-09	4.64859084559e-08
3.91212609566e-09	9.97623956778e-08
3.95374445838e-09	1.18473487021e-07
