% time-domain voltage integration by openEMS v0.37.0-rc2-21-gd59e7e7 @Sat Sep 19 15:12:28 2026
% start-coordinates: (0.0263653,-0.0183298,3.5e-05) m -> [42,18,23]
% stop-coordinates: (0.0263653,-0.0183298,-0.0016) m -> [42,18,21]
% t/s	voltage
0	0
4.16183627198e-11	0
8.32367254395e-11	0
1.24855088159e-10	0
1.66473450879e-10	1.38966514565e-21
2.08091813599e-10	2.11918365745e-16
2.49710176319e-10	1.00148134143e-13
2.91328539038e-10	9.74119737781e-14
3.32946901758e-10	1.08851989922e-12
3.74565264478e-10	7.75855855256e-12
4.16183627198e-10	1.98797523582e-11
4.57801989917e-10	-4.0620676961e-11
4.99420352637e-10	-1.06380494691e-10
5.41038715357e-10	-1.59786517351e-10
5.82657078077e-10	-1.45867290469e-10
6.24275440797e-10	-3.00197401659e-11
6.65893803516e-10	1.78836043196e-10
7.07512166236e-10	4.15453088598e-10
7.49130528956e-10	5.64228774813e-10
7.90748891676e-10	4.65228827684e-10
8.32367254395e-10	3.5441594104e-11
8.73985617115e-10	-6.77936373705e-10
9.15603979835e-10	-1.42584111185e-09
9.57222342555e-10	-1.79379555654e-09
9.98840705274e-10	-1.3605291338e-09
1.04045906799e-09	7.31793028952e-11
1.08207743071e-09	2.23821761125e-09
1.12369579343e-09	4.31978586235e-09
1.16531415615e-09	5.10469799764e-09
1.20693251887e-09	3.53316376156e-09
1.24855088159e-09	-6.92327750684e-10
1.29016924431e-09	-6.51907372529e-09
1.33178760703e-09	-1.15767839759e-08
1.37340596975e-09	-1.28236594676e-08
1.41502433247e-09	-7.96961519001e-09
1.45664269519e-09	2.97890712098e-09
1.49826105791e-09	1.68089790975e-08
1.53987942063e-09	2.75479035139e-08
1.58149778335e-09	2.85517174348e-08
1.62311614607e-09	1.57493094122e-08
1.66473450879e-09	-9.31348509425e-09
1.70635287151e-09	-3.83224225686e-08
1.74797123423e-09	-5.82380828007e-08
1.78958959695e-09	-5.63969528855e-08
1.83120795967e-09	-2.70692535054e-08
1.87282632239e-09	2.36256720854e-08
1.91444468511e-09	7.73650938868e-08
1.95606304783e-09	1.09333505804e-07
1.99768141055e-09	9.87660158103e-08
2.03929977327e-09	4.01103044112e-08
2.08091813599e-09	-5.05603878764e-08
2.12253649871e-09	-1.38363688507e-07
2.16415486143e-09	-1.82220901479e-07
2.20577322415e-09	-1.53166269001e-07
2.24739158687e-09	-5.04415673674e-08
2.28900994959e-09	9.28523675725e-08
2.33062831231e-09	2.19227544562e-07
2.37224667503e-09	2.69556466037e-07
2.41386503775e-09	2.10192851569e-07
2.45548340047e-09	5.21472216519e-08
2.49710176319e-09	-1.47913866044e-07
2.53872012591e-09	-3.07724263848e-07
2.58033848863e-09	-3.53693764055e-07
2.62195685135e-09	-2.54919825693e-07
2.66357521407e-09	-4.10948572949e-08
2.70519357678e-09	2.05500143124e-07
2.7468119395e-09	3.82508687835e-07
2.78843030222e-09	4.11275010492e-07
2.83004866494e-09	2.72658240874e-07
2.87166702766e-09	1.8180767114e-08
2.91328539038e-09	-2.49715526479e-07
2.9549037531e-09	-4.20519967292e-07
2.99652211582e-09	-4.23056405907e-07
3.03814047854e-09	-2.5636362011e-07
3.07975884126e-09	9.89301884857e-09
3.12137720398e-09	2.65696769475e-07
3.1629955667e-09	4.07951063153e-07
3.20461392942e-09	3.83723886443e-07
3.24623229214e-09	2.10663444022e-07
3.28785065486e-09	-3.36245307153e-08
3.32946901758e-09	-2.47180764745e-07
3.3710873803e-09	-3.47636472497e-07
3.41270574302e-09	-3.04936094153e-07
3.45432410574e-09	-1.49473578404e-07
3.49594246846e-09	4.59114914975e-08
3.53756083118e-09	2.00076812007e-07
3.5791791939e-09	2.57803009163e-07
3.62079755662e-09	2.0942739809e-07
3.66241591934e-09	8.9038955764e-08
3.70403428206e-09	-4.53751880514e-08
3.74565264478e-09	-1.39140894362e-07
3.7872710075e-09	-1.62790513514e-07
3.82888937022e-09	-1.20113995195e-07
3.87050773294e-09	-4.09358271725e-08
3.91212609566e-09	3.59117038329e-08
3.95374445838e-09	8.04407491728e-08
