% time-domain voltage integration by openEMS v0.37.0-rc2-21-gd59e7e7 @Sat Sep 19 15:12:28 2026
% start-coordinates: (-0.0263653,-0.0183298,3.5e-05) m -> [5,18,23]
% stop-coordinates: (-0.0263653,-0.0183298,-0.0016) m -> [5,18,21]
% t/s	voltage
0	0
4.16183627198e-11	1.60577974528e-11
8.32367254395e-11	2.19143193175e-11
1.24855088159e-10	-5.72224281847e-11
1.66473450879e-10	-1.28063948335e-10
2.08091813599e-10	-1.772427205e-10
2.49710176319e-10	-2.03321637304e-10
2.91328539038e-10	-6.47544587395e-11
3.32946901758e-10	2.52509374521e-10
3.74565264478e-10	6.51440013044e-10
4.16183627198e-10	7.6558515083e-10
4.57801989917e-10	5.95627214217e-10
4.99420352637e-10	5.68841362902e-11
5.41038715357e-10	-9.54907819484e-10
5.82657078077e-10	-2.02532257632e-09
6.24275440797e-10	-2.50171150462e-09
6.65893803516e-10	-1.79763037789e-09
7.07512166236e-10	2.37796810021e-10
7.49130528956e-10	3.24114557415e-09
7.90748891676e-10	5.9983640277e-09
8.32367254395e-10	6.93330015622e-09
8.73985617115e-10	4.5450683217e-09
9.15603979835e-10	-1.41956912891e-09
9.57222342555e-10	-9.37344335483e-09
9.98840705274e-10	-1.59922901588e-08
1.04045906799e-09	-1.71785963232e-08
1.08207743071e-09	-1.00202770525e-08
1.12369579343e-09	5.22070164877e-09
1.16531415615e-09	2.3919891845e-08
1.20693251887e-09	3.77791913309e-08
1.24855088159e-09	3.78661653144e-08
1.29016924431e-09	1.92147275868e-08
1.33178760703e-09	-1.53490731236e-08
1.37340596975e-09	-5.4009074546e-08
1.41502433247e-09	-7.90090979308e-08
1.45664269519e-09	-7.37835748055e-08
1.49826105791e-09	-3.17234487568e-08
1.53987942063e-09	3.74368340772e-08
1.58149778335e-09	1.07961120932e-07
1.62311614607e-09	1.46619697716e-07
1.66473450879e-09	1.27010537199e-07
1.70635287151e-09	4.41756284886e-08
1.74797123423e-09	-7.78126718615e-08
1.78958959695e-09	-1.90951723766e-07
1.83120795967e-09	-2.41146153712e-07
1.87282632239e-09	-1.92956150613e-07
1.91444468511e-09	-4.9958089221e-08
1.95606304783e-09	1.39872767591e-07
1.99768141055e-09	2.98888210182e-07
2.03929977327e-09	3.51214481498e-07
2.08091813599e-09	2.58184456925e-07
2.12253649871e-09	4.14765004564e-08
2.16415486143e-09	-2.18934673057e-07
2.20577322415e-09	-4.14128265902e-07
2.24739158687e-09	-4.52633145187e-07
2.28900994959e-09	-3.03256399548e-07
2.33062831231e-09	-1.4730739295e-08
2.37224667503e-09	2.99622314515e-07
2.41386503775e-09	5.07654362991e-07
2.45548340047e-09	5.15532406098e-07
2.49710176319e-09	3.11374634521e-07
2.53872012591e-09	-2.62902979387e-08
2.58033848863e-09	-3.5958709077e-07
2.62195685135e-09	-5.50001857391e-07
2.66357521407e-09	-5.18007198025e-07
2.70519357678e-09	-2.77808339888e-07
2.7468119395e-09	6.91957779964e-08
2.78843030222e-09	3.78622956987e-07
2.83004866494e-09	5.25791733708e-07
2.87166702766e-09	4.58026562455e-07
2.91328539038e-09	2.13466265109e-07
2.9549037531e-09	-9.88520625356e-08
2.99652211582e-09	-3.48939437345e-07
3.03814047854e-09	-4.41997315193e-07
3.07975884126e-09	-3.54782798695e-07
3.12137720398e-09	-1.39535842436e-07
3.1629955667e-09	1.05202467182e-07
3.20461392942e-09	2.79614596366e-07
3.24623229214e-09	3.24236765437e-07
3.28785065486e-09	2.39152456061e-07
3.32946901758e-09	7.65768604083e-08
3.3710873803e-09	-8.83855264533e-08
3.41270574302e-09	-1.91482072864e-07
3.45432410574e-09	-2.03956744826e-07
3.49594246846e-09	-1.38333504651e-07
3.53756083118e-09	-3.55208200631e-08
3.5791791939e-09	5.70905775987e-08
3.62079755662e-09	1.06662511712e-07
3.66241591934e-09	1.04966694892e-07
3.70403428206e-09	6.63013466351e-08
3.74565264478e-09	1.60228470492e-08
3.7872710075e-09	-2.31356196423e-08
3.82888937022e-09	-4.01266007088e-08
3.87050773294e-09	-3.68778323434e-08
3.91212609566e-09	-2.35114967495e-08
3.95374445838e-09	-1.0897139191e-08
