% time-domain voltage integration by openEMS v0.37.0-rc2-21-gd59e7e7 @Sat Sep 19 15:12:28 2026
% start-coordinates: (-0.025,-0.0183298,3.5e-05) m -> [6,18,23]
% stop-coordinates: (-0.025,-0.0183298,-0.0016) m -> [6,18,21]
% t/s	voltage
0	0
4.16183627198e-11	5.46797980158e-12
8.32367254395e-11	3.65577602912e-11
1.24855088159e-10	-3.8232160493e-11
1.66473450879e-10	-1.13626288933e-10
2.08091813599e-10	-1.84638429546e-10
2.49710176319e-10	-2.00263028383e-10
2.91328539038e-10	-9.3721093386e-11
3.32946901758e-10	1.92980603719e-10
3.74565264478e-10	5.66820257397e-10
4.16183627198e-10	7.04533487106e-10
4.57801989917e-10	6.31383723082e-10
4.99420352637e-10	2.02671407434e-10
5.41038715357e-10	-7.04020008957e-10
5.82657078077e-10	-1.7471880609e-09
6.24275440797e-10	-2.33507946312e-09
6.65893803516e-10	-1.9126398243e-09
7.07512166236e-10	-2.32230540353e-10
7.49130528956e-10	2.4811730448e-09
7.90748891676e-10	5.22740251085e-09
8.32367254395e-10	6.57497034595e-09
8.73985617115e-10	4.99175811797e-09
9.15603979835e-10	-2.85073787493e-11
9.57222342555e-10	-7.34656424584e-09
9.98840705274e-10	-1.41141196508e-08
1.04045906799e-09	-1.64961111437e-08
1.08207743071e-09	-1.13890648024e-08
1.12369579343e-09	1.66920222089e-09
1.16531415615e-09	1.9141989327e-08
1.20693251887e-09	3.37346328649e-08
1.24855088159e-09	3.68690038499e-08
1.29016924431e-09	2.28480114828e-08
1.33178760703e-09	-7.30362614831e-09
1.37340596975e-09	-4.40399503532e-08
1.41502433247e-09	-7.13677366093e-08
1.45664269519e-09	-7.28962845642e-08
1.49826105791e-09	-4.00230604214e-08
1.53987942063e-09	2.13066808641e-08
1.58149778335e-09	8.95167815429e-08
1.62311614607e-09	1.33945150083e-07
1.66473450879e-09	1.27477051137e-07
1.70635287151e-09	6.07082384363e-08
1.74797123423e-09	-4.91837290895e-08
1.78958959695e-09	-1.60728362175e-07
1.83120795967e-09	-2.22767297942e-07
1.87282632239e-09	-1.97044329298e-07
1.91444468511e-09	-7.8813890525e-08
1.95606304783e-09	9.48407716805e-08
1.99768141055e-09	2.55040106367e-07
2.03929977327e-09	3.28080659528e-07
2.08091813599e-09	2.68859167818e-07
2.12253649871e-09	8.57662527665e-08
2.16415486143e-09	-1.56112136551e-07
2.20577322415e-09	-3.57780209015e-07
2.24739158687e-09	-4.27576765105e-07
2.28900994959e-09	-3.23046833728e-07
2.33062831231e-09	-7.46855945977e-08
2.37224667503e-09	2.21850939397e-07
2.41386503775e-09	4.43552607976e-07
2.45548340047e-09	4.92598587698e-07
2.49710176319e-09	3.40960042422e-07
2.53872012591e-09	4.54723654286e-08
2.58033848863e-09	-2.74063751249e-07
2.62195685135e-09	-4.85503221626e-07
2.66357521407e-09	-5.00993564856e-07
2.70519357678e-09	-3.15175952892e-07
2.7468119395e-09	-6.9741696862e-09
2.78843030222e-09	2.94990485372e-07
2.83004866494e-09	4.68450537028e-07
2.87166702766e-09	4.48926925856e-07
2.91328539038e-09	2.54185181348e-07
2.9549037531e-09	-2.69160356225e-08
2.99652211582e-09	-2.7614041187e-07
3.03814047854e-09	-3.9705804511e-07
3.07975884126e-09	-3.53305637191e-07
3.12137720398e-09	-1.78558579478e-07
3.1629955667e-09	4.45458283593e-08
3.20461392942e-09	2.23113900688e-07
3.24623229214e-09	2.93495361348e-07
3.28785065486e-09	2.43309898451e-07
3.32946901758e-09	1.09959557903e-07
3.3710873803e-09	-4.23164401298e-08
3.41270574302e-09	-1.522567743e-07
3.45432410574e-09	-1.85934496244e-07
3.49594246846e-09	-1.45578042066e-07
3.53756083118e-09	-6.15733313225e-08
3.5791791939e-09	2.51684948438e-08
3.62079755662e-09	8.22474817141e-08
3.66241591934e-09	9.64832480577e-08
3.70403428206e-09	7.45887192011e-08
3.74565264478e-09	3.51460727188e-08
3.7872710075e-09	-2.47273357346e-09
3.82888937022e-09	-2.63926658306e-08
3.87050773294e-09	-3.44619977e-08
3.91212609566e-09	-3.16251913546e-08
3.95374445838e-09	-2.46636133738e-08
