% time-domain voltage integration by openEMS v0.37.0-rc2-21-gd59e7e7 @Sat Sep 19 15:12:28 2026
% start-coordinates: (0,-0.0075,3.5e-05) m -> [26,34,23]
% stop-coordinates: (0,-0.0075,-0.0016) m -> [26,34,21]
% t/s	voltage
0	0
4.16183627198e-11	0
8.32367254395e-11	1.02042569914e-24
1.24855088159e-10	-1.18192502535e-16
1.66473450879e-10	-3.1309557811e-13
2.08091813599e-10	4.99485598281e-13
2.49710176319e-10	2.04726014787e-12
2.91328539038e-10	3.76178558789e-12
3.32946901758e-10	-2.90009357674e-12
3.74565264478e-10	-1.97482447062e-11
4.16183627198e-10	-2.70518971807e-11
4.57801989917e-10	-2.38567308269e-11
4.99420352637e-10	-1.26078297108e-11
5.41038715357e-10	3.77808340168e-11
5.82657078077e-10	7.7010363364e-11
6.24275440797e-10	1.13344604535e-10
6.65893803516e-10	1.05906707015e-10
7.07512166236e-10	7.30903011725e-12
7.49130528956e-10	-1.38705560926e-10
7.90748891676e-10	-3.00184987978e-10
8.32367254395e-10	-3.69224650854e-10
8.73985617115e-10	-2.82975837207e-10
9.15603979835e-10	1.2682568537e-11
9.57222342555e-10	4.59182525336e-10
9.98840705274e-10	8.96724972055e-10
1.04045906799e-09	1.05615549639e-09
1.08207743071e-09	7.40994543502e-10
1.12369579343e-09	-1.37066982764e-10
1.16531415615e-09	-1.36433986331e-09
1.20693251887e-09	-2.44512543546e-09
1.24855088159e-09	-2.72917044519e-09
1.29016924431e-09	-1.72977387969e-09
1.33178760703e-09	5.92269122635e-10
1.37340596975e-09	3.5632108375e-09
1.41502433247e-09	5.93120708103e-09
1.45664269519e-09	6.24590779097e-09
1.49826105791e-09	3.56760887499e-09
1.53987942063e-09	-1.82330872622e-09
1.58149778335e-09	-8.22756796026e-09
1.62311614607e-09	-1.28209771688e-08
1.66473450879e-09	-1.27594237398e-08
1.70635287151e-09	-6.60551879861e-09
1.74797123423e-09	4.5279677785e-09
1.78958959695e-09	1.67904072867e-08
1.83120795967e-09	2.4682844213e-08
1.87282632239e-09	2.33443522291e-08
1.91444468511e-09	1.10242899254e-08
1.95606304783e-09	-9.3089642661e-09
1.99768141055e-09	-3.02496019344e-08
2.03929977327e-09	-4.24203072669e-08
2.08091813599e-09	-3.84848917179e-08
2.12253649871e-09	-1.69258544958e-08
2.16415486143e-09	1.61114073194e-08
2.20577322415e-09	4.82354742815e-08
2.24739158687e-09	6.53202789636e-08
2.28900994959e-09	5.75622784993e-08
2.33062831231e-09	2.44978348718e-08
2.37224667503e-09	-2.34634569551e-08
2.41386503775e-09	-6.81519196633e-08
2.45548340047e-09	-9.05577408616e-08
2.49710176319e-09	-7.88759351167e-08
2.53872012591e-09	-3.4276830263e-08
2.58033848863e-09	2.83674204127e-08
2.62195685135e-09	8.54822843621e-08
2.66357521407e-09	1.13886152064e-07
2.70519357678e-09	1.00244257339e-07
2.7468119395e-09	4.70971244226e-08
2.78843030222e-09	-2.73307279031e-08
2.83004866494e-09	-9.55717567308e-08
2.87166702766e-09	-1.3134174992e-07
2.91328539038e-09	-1.19753863714e-07
2.9549037531e-09	-6.33792254234e-08
2.99652211582e-09	1.83054975622e-08
3.03814047854e-09	9.59130446176e-08
3.07975884126e-09	1.40900240808e-07
3.12137720398e-09	1.36122153549e-07
3.1629955667e-09	8.22679737666e-08
3.20461392942e-09	-2.19679208158e-09
3.24623229214e-09	-8.74837198239e-08
3.28785065486e-09	-1.43052318435e-07
3.32946901758e-09	-1.48568972236e-07
3.3710873803e-09	-1.01276441455e-07
3.41270574302e-09	-1.7267931085e-08
3.45432410574e-09	7.39686072393e-08
3.49594246846e-09	1.39878181926e-07
3.53756083118e-09	1.56490628456e-07
3.5791791939e-09	1.17184548287e-07
3.62079755662e-09	3.54646942924e-08
3.66241591934e-09	-5.9592974111e-08
3.70403428206e-09	-1.33647034772e-07
3.74565264478e-09	-1.5957756716e-07
3.7872710075e-09	-1.27588080545e-07
3.82888937022e-09	-4.91032636774e-08
3.87050773294e-09	4.72342520652e-08
3.91212609566e-09	1.25984698229e-07
3.95374445838e-09	1.58105777359e-07
