% time-domain current integration by openEMS v0.37.0-rc2-21-gd59e7e7 @Sat Sep 19 15:12:28 2026
% start-coordinates: (-0.00394875,-0.00925,0) m -> [24,33,22]
% stop-coordinates: (0.00195,-0.00925,3.5e-05) m -> [27,33,23]
% t/s	current
4.718635229e-14	0
4.16655490721e-11	0
8.32839117918e-11	-2.35058950744e-23
1.24902274512e-10	6.57331501327e-16
1.66520637231e-10	1.53775002985e-14
2.08138999951e-10	-1.20430720924e-14
2.49757362671e-10	-2.94717151887e-14
2.91375725391e-10	-2.74527935242e-14
3.3299408811e-10	-1.18088657884e-13
3.7461245083e-10	-9.27499857516e-14
4.1623081355e-10	-9.20581698979e-14
4.5784917627e-10	-1.28554529218e-14
4.99467538989e-10	1.18418472185e-13
5.41085901709e-10	3.08650945514e-13
5.82704264429e-10	4.598243444e-13
6.24322627149e-10	5.43869419986e-13
6.65940989869e-10	2.97480952632e-13
7.07559352588e-10	-2.74840154975e-13
7.49177715308e-10	-1.01354265692e-12
7.90796078028e-10	-1.52447650857e-12
8.32414440748e-10	-1.58938834316e-12
8.74032803467e-10	-8.35173835471e-13
9.15651166187e-10	8.34472519296e-13
9.57269528907e-10	2.87207193791e-12
9.98887891627e-10	4.51698574377e-12
1.04050625435e-09	4.57286465638e-12
1.08212461707e-09	2.25150020156e-12
1.12374297979e-09	-2.36816035531e-12
1.16536134251e-09	-7.89183388777e-12
1.20697970523e-09	-1.20165570203e-11
1.24859806795e-09	-1.20241160778e-11
1.29021643067e-09	-5.99988548428e-12
1.33183479338e-09	5.46192518297e-12
1.3734531561e-09	1.89359083969e-11
1.41507151882e-09	2.84888432289e-11
1.45668988154e-09	2.80302673433e-11
1.49830824426e-09	1.4014300137e-11
1.53992660698e-09	-1.17109828779e-11
1.5815449697e-09	-4.08158888632e-11
1.62316333242e-09	-6.05471089932e-11
1.66478169514e-09	-5.85588660895e-11
1.70640005786e-09	-2.89898625938e-11
1.74801842058e-09	2.27000362951e-11
1.7896367833e-09	7.89396881196e-11
1.83125514602e-09	1.15040116322e-10
1.87287350874e-09	1.09091902178e-10
1.91449187146e-09	5.29862889675e-11
1.95611023418e-09	-4.02462993487e-11
1.9977285969e-09	-1.37409264522e-10
2.03934695962e-09	-1.95877022935e-10
2.08096532234e-09	-1.81330880866e-10
2.12258368506e-09	-8.53058942929e-11
2.16420204778e-09	6.57426751927e-11
2.2058204105e-09	2.15698334194e-10
2.24743877322e-09	2.98988667158e-10
2.28905713594e-09	2.68508659751e-10
2.33067549866e-09	1.19869697501e-10
2.37229386138e-09	-1.00021435578e-10
2.4139122241e-09	-3.06555114626e-10
2.45553058682e-09	-4.09822176195e-10
2.49714894954e-09	-3.53761075989e-10
2.53876731226e-09	-1.44917994271e-10
2.58038567498e-09	1.43515532791e-10
2.6220040377e-09	3.97119920281e-10
2.66362240042e-09	5.06301056635e-10
2.70524076314e-09	4.14438372509e-10
2.74685912586e-09	1.46550244162e-10
2.78847748858e-09	-1.95783486645e-10
2.8300958513e-09	-4.734443948e-10
2.87171421402e-09	-5.67650038086e-10
2.91333257674e-09	-4.32028829378e-10
2.95495093946e-09	-1.15594575578e-10
2.99656930218e-09	2.54835486047e-10
3.0381876649e-09	5.26282906144e-10
3.07980602762e-09	5.8419658e-10
3.12142439033e-09	4.02109845421e-10
3.16304275305e-09	5.40242399427e-11
3.20466111577e-09	-3.15866000022e-10
3.24627947849e-09	-5.53800671987e-10
3.28789784121e-09	-5.61380941733e-10
3.32951620393e-09	-3.36844940829e-10
3.37113456665e-09	2.44577153669e-11
3.41275292937e-09	3.71405989297e-10
3.45437129209e-09	5.60307134023e-10
3.49598965481e-09	5.15411602287e-10
3.53760801753e-09	2.58721932767e-10
3.57922638025e-09	-1.0057542299e-10
3.62084474297e-09	-4.13126755028e-10
3.66246310569e-09	-5.51888257316e-10
3.70408146841e-09	-4.63454996602e-10
3.74569983113e-09	-1.88244753119e-10
3.78731819385e-09	1.58525678695e-10
3.82893655657e-09	4.35571828605e-10
3.87055491929e-09	5.33188493357e-10
3.91217328201e-09	4.16338574727e-10
3.95379164473e-09	1.36284150631e-10
