% time-domain current integration by openEMS v0.37.0-rc2-21-gd59e7e7 @Sat Sep 19 15:12:28 2026
% start-coordinates: (-0.00394875,-0.010729,0) m -> [24,32,22]
% stop-coordinates: (0.00195,-0.010729,3.5e-05) m -> [27,32,23]
% t/s	current
4.718635229e-14	0
4.16655490721e-11	0
8.32839117918e-11	1.20416757088e-21
1.24902274512e-10	4.96666080133e-16
1.66520637231e-10	1.82828809058e-14
2.08138999951e-10	-6.59176540256e-15
2.49757362671e-10	-1.9194749143e-15
2.91375725391e-10	-1.00798428442e-14
3.3299408811e-10	-2.67993879042e-13
3.7461245083e-10	-4.7537521879e-13
4.1623081355e-10	-6.59318519919e-13
4.5784917627e-10	-6.19403400098e-13
4.99467538989e-10	-1.26906433496e-13
5.41085901709e-10	8.78740439789e-13
5.82704264429e-10	2.12601876208e-12
6.24322627149e-10	2.9849412872e-12
6.65940989869e-10	2.69425324065e-12
7.07559352588e-10	7.41390022291e-13
7.49177715308e-10	-2.87655446338e-12
7.90796078028e-10	-6.85706309442e-12
8.32414440748e-10	-9.41100756352e-12
8.74032803467e-10	-8.30333631713e-12
9.15651166187e-10	-1.8276682251e-12
9.57269528907e-10	8.93894940707e-12
9.98887891627e-10	2.06304886369e-11
1.04050625435e-09	2.73459969946e-11
1.08212461707e-09	2.28961884174e-11
1.12374297979e-09	4.13393538151e-12
1.16536134251e-09	-2.57726132102e-11
1.20697970523e-09	-5.61757584894e-11
1.24859806795e-09	-7.13801448504e-11
1.29021643067e-09	-5.68460764572e-11
1.33183479338e-09	-7.60713974451e-12
1.3734531561e-09	6.57821366823e-11
1.41507151882e-09	1.35814748337e-10
1.45668988154e-09	1.66074071162e-10
1.49830824426e-09	1.26762197961e-10
1.53992660698e-09	1.19251015313e-11
1.5815449697e-09	-1.48551351775e-10
1.62316333242e-09	-2.92091129062e-10
1.66478169514e-09	-3.43915562695e-10
1.70640005786e-09	-2.50530790558e-10
1.74801842058e-09	-1.2471339933e-11
1.7896367833e-09	2.99770264167e-10
1.83125514602e-09	5.60352098056e-10
1.87287350874e-09	6.3428690078e-10
1.91449187146e-09	4.39456859791e-10
1.95611023418e-09	-3.23803484026e-14
1.9977285969e-09	-5.40514188963e-10
2.03934695962e-09	-9.59007095958e-10
2.08096532234e-09	-1.0409516582e-09
2.12258368506e-09	-6.82194745139e-10
2.16420204778e-09	4.09092100473e-11
2.2058204105e-09	8.72764527315e-10
2.24743877322e-09	1.46469159024e-09
2.28905713594e-09	1.51887835642e-09
2.33067549866e-09	9.31981714025e-10
2.37229386138e-09	-1.2945050587e-10
2.4139122241e-09	-1.26676180656e-09
2.45553058682e-09	-1.99886107666e-09
2.49714894954e-09	-1.9673453977e-09
2.53876731226e-09	-1.1096519259e-09
2.58038567498e-09	2.82947332231e-10
2.6220040377e-09	1.66267977164e-09
2.66362240042e-09	2.44383602244e-09
2.70524076314e-09	2.25838925338e-09
2.74685912586e-09	1.13106524147e-09
2.78847748858e-09	-5.08414643718e-10
2.8300958513e-09	-1.99120453459e-09
2.87171421402e-09	-2.690589751e-09
2.91333257674e-09	-2.29399210738e-09
2.95495093946e-09	-9.48359391018e-10
2.99656930218e-09	7.93311139002e-10
3.0381876649e-09	2.20346096924e-09
3.07980602762e-09	2.69164246447e-09
3.12142439033e-09	2.05881178772e-09
3.16304275305e-09	5.82670967031e-10
3.20466111577e-09	-1.10428888256e-09
3.24627947849e-09	-2.28888308307e-09
3.28789784121e-09	-2.48395437552e-09
3.32951620393e-09	-1.63200830627e-09
3.37113456665e-09	-1.21023829847e-10
3.41275292937e-09	1.39306477465e-09
3.45437129209e-09	2.27095764416e-09
3.49598965481e-09	2.16256301755e-09
3.53760801753e-09	1.14509179916e-09
3.57922638025e-09	-3.2456190513e-10
3.62084474297e-09	-1.61317081915e-09
3.66246310569e-09	-2.18739004687e-09
3.70408146841e-09	-1.82873294285e-09
3.74569983113e-09	-7.15995596146e-10
3.78731819385e-09	6.65823174373e-10
3.82893655657e-09	1.73835523753e-09
3.87055491929e-09	2.06990491414e-09
3.91217328201e-09	1.54710311229e-09
3.95379164473e-09	4.0746306329e-10
