% time-domain current integration by openEMS v0.37.0-rc2-21-gd59e7e7 @Sat Sep 19 15:12:28 2026
% start-coordinates: (0.02375,-0.0207802,0) m -> [40,16,22]
% stop-coordinates: (0.02375,-0.01655,3.5e-05) m -> [40,21,23]
% t/s	current
4.718635229e-14	-0
4.16655490721e-11	-0
8.32839117918e-11	-0
1.24902274512e-10	-4.19008130559e-27
1.66520637231e-10	-6.29648266688e-20
2.08138999951e-10	-5.60843807783e-16
2.49757362671e-10	-1.20475766136e-14
2.91375725391e-10	1.87483322866e-14
3.3299408811e-10	-1.30391235461e-14
3.7461245083e-10	-1.03748112261e-13
4.1623081355e-10	-4.24838183838e-14
4.5784917627e-10	5.72326745458e-13
4.99467538989e-10	1.09371734759e-12
5.41085901709e-10	1.31181545661e-12
5.82704264429e-10	8.77665561755e-13
6.24322627149e-10	-3.64776378591e-13
6.65940989869e-10	-2.21093347623e-12
7.07559352588e-10	-4.045843955e-12
7.49177715308e-10	-4.61486361278e-12
7.90796078028e-10	-2.7855254995e-12
8.32414440748e-10	1.72572600741e-12
8.74032803467e-10	8.00692671887e-12
9.15651166187e-10	1.34782480316e-11
9.57269528907e-10	1.43736099412e-11
9.98887891627e-10	7.75511078965e-12
1.04050625435e-09	-6.82540742675e-12
1.08212461707e-09	-2.54824512186e-11
1.12374297979e-09	-3.99035075815e-11
1.16536134251e-09	-3.99611350954e-11
1.20697970523e-09	-1.86267494484e-11
1.24859806795e-09	2.27744455239e-11
1.29021643067e-09	7.1384884115e-11
1.33183479338e-09	1.04533347256e-10
1.3734531561e-09	9.79606396001e-11
1.41507151882e-09	3.81101643299e-11
1.45668988154e-09	-6.58088791794e-11
1.49830824426e-09	-1.77797915279e-10
1.53992660698e-09	-2.43737474648e-10
1.5815449697e-09	-2.12801762323e-10
1.62316333242e-09	-6.55306642283e-11
1.66478169514e-09	1.65171959443e-10
1.70640005786e-09	3.92986115871e-10
1.74801842058e-09	5.04793207234e-10
1.7896367833e-09	4.09450945371e-10
1.83125514602e-09	9.07221103796e-11
1.87287350874e-09	-3.62551794142e-10
1.91449187146e-09	-7.70964680985e-10
1.95611023418e-09	-9.28514098941e-10
1.9977285969e-09	-6.96772084474e-10
2.03934695962e-09	-8.93640092481e-11
2.08096532234e-09	6.98413937794e-10
2.12258368506e-09	1.34228839155e-09
2.16420204778e-09	1.51626267098e-09
2.2058204105e-09	1.04721364913e-09
2.24743877322e-09	2.66004024363e-11
2.28905713594e-09	-1.18385357073e-09
2.33067549866e-09	-2.07393924256e-09
2.37229386138e-09	-2.19742823937e-09
2.4139122241e-09	-1.38788547321e-09
2.45553058682e-09	1.25118901351e-10
2.49714894954e-09	1.76831671528e-09
2.53876731226e-09	2.84256418404e-09
2.58038567498e-09	2.82418044506e-09
2.6220040377e-09	1.61791224862e-09
2.66362240042e-09	-3.61061291976e-10
2.70524076314e-09	-2.32909647124e-09
2.74685912586e-09	-3.4533960136e-09
2.78847748858e-09	-3.21504423084e-09
2.8300958513e-09	-1.652690651e-09
2.87171421402e-09	6.29613916558e-10
2.91333257674e-09	2.70451794293e-09
2.95495093946e-09	3.71313091385e-09
2.99656930218e-09	3.23485771503e-09
3.0381876649e-09	1.47006595785e-09
3.07980602762e-09	-8.46799408372e-10
3.12142439033e-09	-2.76497424956e-09
3.16304275305e-09	-3.52339002418e-09
3.20466111577e-09	-2.86511725456e-09
3.24627947849e-09	-1.12535125663e-09
3.28789784121e-09	9.37223854081e-10
3.32951620393e-09	2.48053821927e-09
3.37113456665e-09	2.93429325282e-09
3.41275292937e-09	2.21569784742e-09
3.45437129209e-09	7.22623239025e-10
3.49598965481e-09	-8.75054084748e-10
3.53760801753e-09	-1.93873606058e-09
3.57922638025e-09	-2.12002859712e-09
3.62084474297e-09	-1.46906753429e-09
3.66246310569e-09	-3.62716912061e-10
3.70408146841e-09	6.94981849847e-10
3.74569983113e-09	1.29848753971e-09
3.78731819385e-09	1.2925820414e-09
3.82893655657e-09	7.95526644559e-10
3.87055491929e-09	1.03020370013e-10
3.91217328201e-09	-4.67237804003e-10
3.95379164473e-09	-7.13260894791e-10
