% time-domain voltage integration by openEMS v0.37.0-rc2-21-gd59e7e7 @Sat Sep 19 15:12:28 2026
% start-coordinates: (0.02375,-0.0183298,3.5e-05) m -> [40,18,23]
% stop-coordinates: (0.02375,-0.0183298,-0.0016) m -> [40,18,21]
% t/s	voltage
0	0
4.16183627198e-11	0
8.32367254395e-11	0
1.24855088159e-10	0
1.66473450879e-10	3.07778363983e-20
2.08091813599e-10	1.43162226492e-15
2.49710176319e-10	2.26007377418e-13
2.91328539038e-10	-1.15711558174e-13
3.32946901758e-10	2.70306780431e-12
3.74565264478e-10	1.70215092021e-11
4.16183627198e-10	5.23823085602e-12
4.57801989917e-10	-7.31091229222e-11
4.99420352637e-10	-1.40585931785e-10
5.41038715357e-10	-1.71222244716e-10
5.82657078077e-10	-1.16316851984e-10
6.24275440797e-10	4.8504457395e-11
6.65893803516e-10	2.98468999516e-10
7.07512166236e-10	5.27860311017e-10
7.49130528956e-10	6.00459459932e-10
7.90748891676e-10	3.56567136928e-10
8.32367254395e-10	-2.41036968163e-10
8.73985617115e-10	-1.06335074079e-09
9.15603979835e-10	-1.75902814536e-09
9.57222342555e-10	-1.85775539396e-09
9.98840705274e-10	-9.73655822634e-10
1.04045906799e-09	9.40335143085e-10
1.08207743071e-09	3.35315464284e-09
1.12369579343e-09	5.17937426281e-09
1.16531415615e-09	5.12004838527e-09
1.20693251887e-09	2.28093877119e-09
1.24855088159e-09	-3.13480352787e-09
1.29016924431e-09	-9.39652355925e-09
1.33178760703e-09	-1.35361624132e-08
1.37340596975e-09	-1.24563603876e-08
1.41502433247e-09	-4.49862369578e-09
1.45664269519e-09	9.01021390831e-09
1.49826105791e-09	2.33195240895e-08
1.53987942063e-09	3.14074419805e-08
1.58149778335e-09	2.68351634247e-08
1.62311614607e-09	7.34557437099e-09
1.66473450879e-09	-2.25100151852e-08
1.70635287151e-09	-5.13786879708e-08
1.74797123423e-09	-6.47123030717e-08
1.78958959695e-09	-5.11323499097e-08
1.83120795967e-09	-9.16530051853e-09
1.87282632239e-09	4.91440310668e-08
1.91444468511e-09	1.00401791769e-07
1.95606304783e-09	1.18361555224e-07
1.99768141055e-09	8.60833822003e-08
2.03929977327e-09	6.5235057356e-09
2.08091813599e-09	-9.41965581092e-08
2.12253649871e-09	-1.74118895302e-07
2.16415486143e-09	-1.92158722712e-07
2.20577322415e-09	-1.2782176384e-07
2.24739158687e-09	5.10984055069e-09
2.28900994959e-09	1.58819247531e-07
2.33062831231e-09	2.67870603921e-07
2.37224667503e-09	2.7676290415e-07
2.41386503775e-09	1.67076308344e-07
2.45548340047e-09	-2.88388477543e-08
2.49710176319e-09	-2.35960243344e-07
2.53872012591e-09	-3.65481014342e-07
2.58033848863e-09	-3.53371575557e-07
2.62195685135e-09	-1.91635891156e-07
2.66357521407e-09	6.3032423725e-08
2.70519357678e-09	3.09120963493e-07
2.7468119395e-09	4.41947605623e-07
2.78843030222e-09	3.99554267005e-07
2.83004866494e-09	1.92023492218e-07
2.87166702766e-09	-9.98011344677e-08
2.91328539038e-09	-3.56992046591e-07
2.9549037531e-09	-4.72921612982e-07
2.99652211582e-09	-3.99234920678e-07
3.03814047854e-09	-1.66850469441e-07
3.07975884126e-09	1.27461092347e-07
3.12137720398e-09	3.63010599358e-07
3.1629955667e-09	4.46678285471e-07
3.20461392942e-09	3.51215561523e-07
3.24623229214e-09	1.24042784932e-07
3.28785065486e-09	-1.36255962957e-07
3.32946901758e-09	-3.2393106153e-07
3.3710873803e-09	-3.70445178532e-07
3.41270574302e-09	-2.70011810244e-07
3.45432410574e-09	-7.66404610886e-08
3.49594246846e-09	1.2374296432e-07
3.53756083118e-09	2.51859631817e-07
3.5791791939e-09	2.66868255494e-07
3.62079755662e-09	1.78463892553e-07
3.66241591934e-09	3.63460443964e-08
3.70403428206e-09	-9.56612566938e-08
3.74565264478e-09	-1.67837214349e-07
3.7872710075e-09	-1.62771144119e-07
3.82888937022e-09	-9.71580504938e-08
3.87050773294e-09	-8.97022189861e-09
3.91212609566e-09	6.21535463097e-08
3.95374445838e-09	9.17836473491e-08
