% time-domain current integration by openEMS v0.37.0-rc2-21-gd59e7e7 @Sat Sep 19 15:12:28 2026
% start-coordinates: (0.025,-0.0207802,0) m -> [41,16,22]
% stop-coordinates: (0.025,-0.01655,3.5e-05) m -> [41,21,23]
% t/s	current
4.718635229e-14	-0
4.16655490721e-11	-0
8.32839117918e-11	-0
1.24902274512e-10	-3.59119827083e-28
1.66520637231e-10	-1.66235547336e-20
2.08138999951e-10	-2.70181752015e-16
2.49757362671e-10	-1.13910684813e-14
2.91375725391e-10	2.00198015853e-14
3.3299408811e-10	-1.45386446073e-14
3.7461245083e-10	-7.4439166311e-14
4.1623081355e-10	-9.69325192487e-14
4.5784917627e-10	4.41909638223e-13
4.99467538989e-10	9.38092268796e-13
5.41085901709e-10	1.24369687726e-12
5.82704264429e-10	9.96476989465e-13
6.24322627149e-10	-4.25071321186e-14
6.65940989869e-10	-1.75761597117e-12
7.07559352588e-10	-3.63124200847e-12
7.49177715308e-10	-4.48189835939e-12
7.90796078028e-10	-3.28133440558e-12
8.32414440748e-10	5.56273614411e-13
8.74032803467e-10	6.47185256775e-12
9.15651166187e-10	1.22360437754e-11
9.57269528907e-10	1.43017386128e-11
9.98887891627e-10	9.52926019343e-12
1.04050625435e-09	-3.2332348604e-12
1.08212461707e-09	-2.10670560857e-11
1.12374297979e-09	-3.66867300428e-11
1.16536134251e-09	-4.03027507201e-11
1.20697970523e-09	-2.40614889124e-11
1.24859806795e-09	1.28143780309e-11
1.29021643067e-09	6.00850064147e-11
1.33183479338e-09	9.73342448307e-11
1.3734531561e-09	1.00395108893e-10
1.41507151882e-09	5.29423033191e-11
1.45668988154e-09	-4.12239339886e-11
1.49830824426e-09	-1.52246396046e-10
1.53992660698e-09	-2.29839258736e-10
1.5815449697e-09	-2.21865428807e-10
1.62316333242e-09	-1.01136744812e-10
1.66478169514e-09	1.11642459166e-10
1.70640005786e-09	3.42005229692e-10
1.74801842058e-09	4.82116180311e-10
1.7896367833e-09	4.3476749978e-10
1.83125514602e-09	1.6594849106e-10
1.87287350874e-09	-2.59361865318e-10
1.91449187146e-09	-6.81334544339e-10
1.95611023418e-09	-8.98259688853e-10
1.9977285969e-09	-7.54792728319e-10
2.03934695962e-09	-2.29484639624e-10
2.08096532234e-09	5.22542731307e-10
2.12258368506e-09	1.20386567382e-09
2.16420204778e-09	1.48608214623e-09
2.2058204105e-09	1.15976117598e-09
2.24743877322e-09	2.56972665369e-10
2.28905713594e-09	-9.18808695793e-10
2.33067549866e-09	-1.886677925e-09
2.37229386138e-09	-2.18241202887e-09
2.4139122241e-09	-1.57561064196e-09
2.45553058682e-09	-2.09226524994e-10
2.49714894954e-09	1.41545508647e-09
2.53876731226e-09	2.6217301663e-09
2.58038567498e-09	2.84318102395e-09
2.6220040377e-09	1.8895363052e-09
2.66362240042e-09	6.72083638742e-11
2.70524076314e-09	-1.91475857392e-09
2.74685912586e-09	-3.22813309417e-09
2.78847748858e-09	-3.2821543261e-09
2.8300958513e-09	-1.99526750677e-09
2.87171421402e-09	1.45813167096e-10
2.91333257674e-09	2.27642793504e-09
2.95495093946e-09	3.51696827217e-09
2.99656930218e-09	3.35060379442e-09
3.0381876649e-09	1.84745374554e-09
3.07980602762e-09	-3.65796753998e-10
3.12142439033e-09	-2.37738650988e-09
3.16304275305e-09	-3.3812868061e-09
3.20466111577e-09	-3.0135314244e-09
3.24627947849e-09	-1.48842382863e-09
3.28789784121e-09	5.18058651533e-10
3.32951620393e-09	2.17544471326e-09
3.37113456665e-09	2.85384782472e-09
3.41275292937e-09	2.37008457304e-09
3.45437129209e-09	1.02660180357e-09
3.49598965481e-09	-5.57596802064e-10
3.53760801753e-09	-1.73343883692e-09
3.57922638025e-09	-2.09182493549e-09
3.62084474297e-09	-1.6033046002e-09
3.66246310569e-09	-5.81950487799e-10
3.70408146841e-09	4.9015275172e-10
3.74569983113e-09	1.18533960425e-09
3.78731819385e-09	1.29805910465e-09
3.82893655657e-09	8.93793150603e-10
3.87055491929e-09	2.35662184211e-10
3.91217328201e-09	-3.60647151032e-10
3.95379164473e-09	-6.69337918424e-10
