% time-domain voltage integration by openEMS v0.37.0-rc2-21-gd59e7e7 @Mon Sep 21 10:17:42 2026
% start-coordinates: (0.0225,-0.0218,0) m -> [93,36,13]
% stop-coordinates: (0.0225,-0.02,0) m -> [93,41,13]
% t/s	voltage
0	-0
4.54132891282e-11	-0
9.08265782565e-11	-3.67471046565e-32
1.36239867385e-10	-2.99798375483e-15
1.81653156513e-10	-1.0346174889e-09
2.27066445641e-10	8.98570405583e-10
2.72479734769e-10	-9.83526615705e-09
3.17893023898e-10	-1.03419360187e-07
3.63306313026e-10	-5.50885886241e-07
4.08719602154e-10	-1.37329702454e-06
4.54132891282e-10	-1.88841491422e-06
4.9954618041e-10	-1.3031224313e-06
5.44959469539e-10	3.56427673154e-07
5.90372758667e-10	2.47719685831e-06
6.35786047795e-10	4.05922702384e-06
6.81199336923e-10	3.97388163265e-06
7.26612626052e-10	1.6512019414e-06
7.7202591518e-10	-2.41108961063e-06
8.17439204308e-10	-6.57644068269e-06
8.62852493436e-10	-8.52619041325e-06
9.08265782565e-10	-6.29777196082e-06
9.53679071693e-10	3.89751640739e-07
9.99092360821e-10	9.27481460167e-06
1.04450564995e-09	1.5989778376e-05
1.08991893908e-09	1.58628856752e-05
1.13533222821e-09	6.66896528401e-06
1.18074551733e-09	-9.37849256388e-06
1.22615880646e-09	-2.54843712355e-05
1.27157209559e-09	-3.25061987496e-05
1.31698538472e-09	-2.34925455516e-05
